0.1 2.00000 10 1500 -5.00000 5.00000 1e-05 1e-05 100 1500 0 0 1 1
0.1 2.00000 10 1500 -5.00000 5.00000 1e-05 1e-05 100 1500 0 0 1 1
0.1 2.00000 10 1500 -5.00000 5.00000 1e-05 1e-05 100 1500 0 0 1 1
0.1 2.00000 10 1500 -5.00000 5.00000 1e-05 1e-05 100 1500 0 0 1 1
0.1 2.00000 10 1500 -5.00000 5.00000 1e-05 1e-05 100 1500 0 0 1 1
0.1 2.00000 10 1500 -5.00000 5.00000 1e-05 1e-05 100 1500 0 0 1 0
0.1 2.00000 10 1500 -5.00000 5.00000 1e-05 1e-05 100 1500 0 0 1 0
0.1 2.00000 10 1500 -5.00000 5.00000 1e-05 1e-05 100 1500 0 0 1 0
0.1 2.00000 10 1500 -5.00000 5.00000 1e-05 1e-05 100 1500 0 0 1 0
0.1 2.00000 10 1500 -5.00000 5.00000 1e-05 1e-05 100 1500 0 0 1 0
0.1 20.00000 10 1500 -5.00000 5.00000 1e-05 1e-05 100 1500 0 0 1 1
0.1 20.00000 10 1500 -5.00000 5.00000 1e-05 1e-05 100 1500 0 0 1 1
0.1 20.00000 10 1500 -5.00000 5.00000 1e-05 1e-05 100 1500 0 0 1 1
0.1 20.00000 10 1500 -5.00000 5.00000 1e-05 1e-05 100 1500 0 0 1 1
0.1 20.00000 10 1500 -5.00000 5.00000 1e-05 1e-05 100 1500 0 0 1 1
0.1 20.00000 10 1500 -5.00000 5.00000 1e-05 1e-05 100 1500 0 0 1 0
0.1 20.00000 10 1500 -5.00000 5.00000 1e-05 1e-05 100 1500 0 0 1 0
0.1 20.00000 10 1500 -5.00000 5.00000 1e-05 1e-05 100 1500 0 0 1 0
0.1 20.00000 10 1500 -5.00000 5.00000 1e-05 1e-05 100 1500 0 0 1 0
0.1 20.00000 10 1500 -5.00000 5.00000 1e-05 1e-05 100 1500 0 0 1 0
0.1 20.00000 10 1500 -20.00000 1.50000 1e-05 1e-05 100 1500 0 0 1 1
0.1 20.00000 10 1500 -20.00000 1.50000 1e-05 1e-05 100 1500 0 0 1 1
0.1 20.00000 10 1500 -20.00000 1.50000 1e-05 1e-05 100 1500 0 0 1 1
0.1 20.00000 10 1500 -20.00000 1.50000 1e-05 1e-05 100 1500 0 0 1 1
0.1 20.00000 10 1500 -20.00000 1.50000 1e-05 1e-05 100 1500 0 0 1 1
0.1 20.00000 10 1500 -20.00000 1.50000 1e-05 1e-05 100 1500 0 0 1 0
0.1 20.00000 10 1500 -20.00000 1.50000 1e-05 1e-05 100 1500 0 0 1 0
0.1 20.00000 10 1500 -20.00000 1.50000 1e-05 1e-05 100 1500 0 0 1 0
0.1 20.00000 10 1500 -20.00000 1.50000 1e-05 1e-05 100 1500 0 0 1 0
0.1 20.00000 10 1500 -20.00000 1.50000 1e-05 1e-05 100 1500 0 0 1 0
0.1 20.00000 10 1500 -10.00000 3.00000 1e-05 1e-05 100 1500 0 0 1 1
0.1 20.00000 10 1500 -10.00000 3.00000 1e-05 1e-05 100 1500 0 0 1 1
0.1 20.00000 10 1500 -10.00000 3.00000 1e-05 1e-05 100 1500 0 0 1 1
0.1 20.00000 10 1500 -10.00000 3.00000 1e-05 1e-05 100 1500 0 0 1 1
0.1 20.00000 10 1500 -10.00000 3.00000 1e-05 1e-05 100 1500 0 0 1 1
0.1 20.00000 10 1500 -10.00000 3.00000 1e-05 1e-05 100 1500 0 0 1 0
0.1 20.00000 10 1500 -10.00000 3.00000 1e-05 1e-05 100 1500 0 0 1 0
0.1 20.00000 10 1500 -10.00000 3.00000 1e-05 1e-05 100 1500 0 0 1 0
0.1 20.00000 10 1500 -10.00000 3.00000 1e-05 1e-05 100 1500 0 0 1 0
0.1 20.00000 10 1500 -10.00000 3.00000 1e-05 1e-05 100 1500 0 0 1 0
0.1 2.00000 10 1500 -20.00000 1.50000 1e-05 1e-05 100 1500 0 0 1 1
0.1 2.00000 10 1500 -20.00000 1.50000 1e-05 1e-05 100 1500 0 0 1 1
0.1 2.00000 10 1500 -20.00000 1.50000 1e-05 1e-05 100 1500 0 0 1 1
0.1 2.00000 10 1500 -20.00000 1.50000 1e-05 1e-05 100 1500 0 0 1 1
0.1 2.00000 10 1500 -20.00000 1.50000 1e-05 1e-05 100 1500 0 0 1 1
0.1 2.00000 10 1500 -20.00000 1.50000 1e-05 1e-05 100 1500 0 0 1 0
0.1 2.00000 10 1500 -20.00000 1.50000 1e-05 1e-05 100 1500 0 0 1 0
0.1 2.00000 10 1500 -20.00000 1.50000 1e-05 1e-05 100 1500 0 0 1 0
0.1 2.00000 10 1500 -20.00000 1.50000 1e-05 1e-05 100 1500 0 0 1 0
0.1 2.00000 10 1500 -20.00000 1.50000 1e-05 1e-05 100 1500 0 0 1 0
0.1 7.76938 10 1500 -7.25516 1.65015 1e-05 1e-05 100 1500 0 0 1 1
0.1 7.76938 10 1500 -7.25516 1.65015 1e-05 1e-05 100 1500 0 0 1 1
0.1 7.76938 10 1500 -7.25516 1.65015 1e-05 1e-05 100 1500 0 0 1 1
0.1 7.76938 10 1500 -7.25516 1.65015 1e-05 1e-05 100 1500 0 0 1 1
0.1 7.76938 10 1500 -7.25516 1.65015 1e-05 1e-05 100 1500 0 0 1 1
0.1 7.76938 10 1500 -7.25516 1.65015 1e-05 1e-05 100 1500 0 0 1 0
0.1 7.76938 10 1500 -7.25516 1.65015 1e-05 1e-05 100 1500 0 0 1 0
0.1 7.76938 10 1500 -7.25516 1.65015 1e-05 1e-05 100 1500 0 0 1 0
0.1 7.76938 10 1500 -7.25516 1.65015 1e-05 1e-05 100 1500 0 0 1 0
0.1 7.76938 10 1500 -7.25516 1.65015 1e-05 1e-05 100 1500 0 0 1 0
0.1 8.60531 10 1500 -9.17655 1.62728 1e-05 1e-05 100 1500 0 0 1 1
0.1 8.60531 10 1500 -9.17655 1.62728 1e-05 1e-05 100 1500 0 0 1 1
0.1 8.60531 10 1500 -9.17655 1.62728 1e-05 1e-05 100 1500 0 0 1 1
0.1 8.60531 10 1500 -9.17655 1.62728 1e-05 1e-05 100 1500 0 0 1 1
0.1 8.60531 10 1500 -9.17655 1.62728 1e-05 1e-05 100 1500 0 0 1 1
0.1 8.60531 10 1500 -9.17655 1.62728 1e-05 1e-05 100 1500 0 0 1 0
0.1 8.60531 10 1500 -9.17655 1.62728 1e-05 1e-05 100 1500 0 0 1 0
0.1 8.60531 10 1500 -9.17655 1.62728 1e-05 1e-05 100 1500 0 0 1 0
0.1 8.60531 10 1500 -9.17655 1.62728 1e-05 1e-05 100 1500 0 0 1 0
0.1 8.60531 10 1500 -9.17655 1.62728 1e-05 1e-05 100 1500 0 0 1 0
0.1 7.87987 10 1500 -6.49907 1.60255 1e-05 1e-05 100 1500 0 0 1 1
0.1 7.87987 10 1500 -6.49907 1.60255 1e-05 1e-05 100 1500 0 0 1 1
0.1 7.87987 10 1500 -6.49907 1.60255 1e-05 1e-05 100 1500 0 0 1 1
0.1 7.87987 10 1500 -6.49907 1.60255 1e-05 1e-05 100 1500 0 0 1 1
0.1 7.87987 10 1500 -6.49907 1.60255 1e-05 1e-05 100 1500 0 0 1 1
0.1 7.87987 10 1500 -6.49907 1.60255 1e-05 1e-05 100 1500 0 0 1 0
0.1 7.87987 10 1500 -6.49907 1.60255 1e-05 1e-05 100 1500 0 0 1 0
0.1 7.87987 10 1500 -6.49907 1.60255 1e-05 1e-05 100 1500 0 0 1 0
0.1 7.87987 10 1500 -6.49907 1.60255 1e-05 1e-05 100 1500 0 0 1 0
0.1 7.87987 10 1500 -6.49907 1.60255 1e-05 1e-05 100 1500 0 0 1 0
0.1 5.73625 10 1500 -6.19557 1.79690 1e-05 1e-05 100 1500 0 0 1 1
0.1 5.73625 10 1500 -6.19557 1.79690 1e-05 1e-05 100 1500 0 0 1 1
0.1 5.73625 10 1500 -6.19557 1.79690 1e-05 1e-05 100 1500 0 0 1 1
0.1 5.73625 10 1500 -6.19557 1.79690 1e-05 1e-05 100 1500 0 0 1 1
0.1 5.73625 10 1500 -6.19557 1.79690 1e-05 1e-05 100 1500 0 0 1 1
0.1 5.73625 10 1500 -6.19557 1.79690 1e-05 1e-05 100 1500 0 0 1 0
0.1 5.73625 10 1500 -6.19557 1.79690 1e-05 1e-05 100 1500 0 0 1 0
0.1 5.73625 10 1500 -6.19557 1.79690 1e-05 1e-05 100 1500 0 0 1 0
0.1 5.73625 10 1500 -6.19557 1.79690 1e-05 1e-05 100 1500 0 0 1 0
0.1 5.73625 10 1500 -6.19557 1.79690 1e-05 1e-05 100 1500 0 0 1 0
0.1 4.75762 10 1500 -5.75202 1.50413 1e-05 1e-05 100 1500 0 0 1 1
0.1 4.75762 10 1500 -5.75202 1.50413 1e-05 1e-05 100 1500 0 0 1 1
0.1 4.75762 10 1500 -5.75202 1.50413 1e-05 1e-05 100 1500 0 0 1 1
0.1 4.75762 10 1500 -5.75202 1.50413 1e-05 1e-05 100 1500 0 0 1 1
0.1 4.75762 10 1500 -5.75202 1.50413 1e-05 1e-05 100 1500 0 0 1 1
0.1 4.75762 10 1500 -5.75202 1.50413 1e-05 1e-05 100 1500 0 0 1 0
0.1 4.75762 10 1500 -5.75202 1.50413 1e-05 1e-05 100 1500 0 0 1 0
0.1 4.75762 10 1500 -5.75202 1.50413 1e-05 1e-05 100 1500 0 0 1 0
0.1 4.75762 10 1500 -5.75202 1.50413 1e-05 1e-05 100 1500 0 0 1 0
0.1 4.75762 10 1500 -5.75202 1.50413 1e-05 1e-05 100 1500 0 0 1 0
0.1 6.49887 10 1500 -7.10957 1.64573 1e-05 1e-05 100 1500 0 0 1 1
0.1 6.49887 10 1500 -7.10957 1.64573 1e-05 1e-05 100 1500 0 0 1 1
0.1 6.49887 10 1500 -7.10957 1.64573 1e-05 1e-05 100 1500 0 0 1 1
0.1 6.49887 10 1500 -7.10957 1.64573 1e-05 1e-05 100 1500 0 0 1 1
0.1 6.49887 10 1500 -7.10957 1.64573 1e-05 1e-05 100 1500 0 0 1 1
0.1 6.49887 10 1500 -7.10957 1.64573 1e-05 1e-05 100 1500 0 0 1 0
0.1 6.49887 10 1500 -7.10957 1.64573 1e-05 1e-05 100 1500 0 0 1 0
0.1 6.49887 10 1500 -7.10957 1.64573 1e-05 1e-05 100 1500 0 0 1 0
0.1 6.49887 10 1500 -7.10957 1.64573 1e-05 1e-05 100 1500 0 0 1 0
0.1 6.49887 10 1500 -7.10957 1.64573 1e-05 1e-05 100 1500 0 0 1 0
0.1 6.15771 10 1500 -7.61847 1.84348 1e-05 1e-05 100 1500 0 0 1 1
0.1 6.15771 10 1500 -7.61847 1.84348 1e-05 1e-05 100 1500 0 0 1 1
0.1 6.15771 10 1500 -7.61847 1.84348 1e-05 1e-05 100 1500 0 0 1 1
0.1 6.15771 10 1500 -7.61847 1.84348 1e-05 1e-05 100 1500 0 0 1 1
0.1 6.15771 10 1500 -7.61847 1.84348 1e-05 1e-05 100 1500 0 0 1 1
0.1 6.15771 10 1500 -7.61847 1.84348 1e-05 1e-05 100 1500 0 0 1 0
0.1 6.15771 10 1500 -7.61847 1.84348 1e-05 1e-05 100 1500 0 0 1 0
0.1 6.15771 10 1500 -7.61847 1.84348 1e-05 1e-05 100 1500 0 0 1 0
0.1 6.15771 10 1500 -7.61847 1.84348 1e-05 1e-05 100 1500 0 0 1 0
0.1 6.15771 10 1500 -7.61847 1.84348 1e-05 1e-05 100 1500 0 0 1 0
0.1 6.98876 10 1500 -9.14439 1.73891 1e-05 1e-05 100 1500 0 0 1 1
0.1 6.98876 10 1500 -9.14439 1.73891 1e-05 1e-05 100 1500 0 0 1 1
0.1 6.98876 10 1500 -9.14439 1.73891 1e-05 1e-05 100 1500 0 0 1 1
0.1 6.98876 10 1500 -9.14439 1.73891 1e-05 1e-05 100 1500 0 0 1 1
0.1 6.98876 10 1500 -9.14439 1.73891 1e-05 1e-05 100 1500 0 0 1 1
0.1 6.98876 10 1500 -9.14439 1.73891 1e-05 1e-05 100 1500 0 0 1 0
0.1 6.98876 10 1500 -9.14439 1.73891 1e-05 1e-05 100 1500 0 0 1 0
0.1 6.98876 10 1500 -9.14439 1.73891 1e-05 1e-05 100 1500 0 0 1 0
0.1 6.98876 10 1500 -9.14439 1.73891 1e-05 1e-05 100 1500 0 0 1 0
0.1 6.98876 10 1500 -9.14439 1.73891 1e-05 1e-05 100 1500 0 0 1 0
0.1 3.88787 10 1500 -4.16178 0.84162 1e-05 1e-05 100 1500 0 0 1 1
0.1 3.88787 10 1500 -4.16178 0.84162 1e-05 1e-05 100 1500 0 0 1 1
0.1 3.88787 10 1500 -4.16178 0.84162 1e-05 1e-05 100 1500 0 0 1 1
0.1 3.88787 10 1500 -4.16178 0.84162 1e-05 1e-05 100 1500 0 0 1 1
0.1 3.88787 10 1500 -4.16178 0.84162 1e-05 1e-05 100 1500 0 0 1 1
0.1 3.88787 10 1500 -4.16178 0.84162 1e-05 1e-05 100 1500 0 0 1 0
0.1 3.88787 10 1500 -4.16178 0.84162 1e-05 1e-05 100 1500 0 0 1 0
0.1 3.88787 10 1500 -4.16178 0.84162 1e-05 1e-05 100 1500 0 0 1 0
0.1 3.88787 10 1500 -4.16178 0.84162 1e-05 1e-05 100 1500 0 0 1 0
0.1 3.88787 10 1500 -4.16178 0.84162 1e-05 1e-05 100 1500 0 0 1 0
0.1 4.15221 10 1500 -5.49357 1.09376 1e-05 1e-05 100 1500 0 0 1 1
0.1 4.15221 10 1500 -5.49357 1.09376 1e-05 1e-05 100 1500 0 0 1 1
0.1 4.15221 10 1500 -5.49357 1.09376 1e-05 1e-05 100 1500 0 0 1 1
0.1 4.15221 10 1500 -5.49357 1.09376 1e-05 1e-05 100 1500 0 0 1 1
0.1 4.15221 10 1500 -5.49357 1.09376 1e-05 1e-05 100 1500 0 0 1 1
0.1 4.15221 10 1500 -5.49357 1.09376 1e-05 1e-05 100 1500 0 0 1 0
0.1 4.15221 10 1500 -5.49357 1.09376 1e-05 1e-05 100 1500 0 0 1 0
0.1 4.15221 10 1500 -5.49357 1.09376 1e-05 1e-05 100 1500 0 0 1 0
0.1 4.15221 10 1500 -5.49357 1.09376 1e-05 1e-05 100 1500 0 0 1 0
0.1 4.15221 10 1500 -5.49357 1.09376 1e-05 1e-05 100 1500 0 0 1 0
0.1 5.01134 10 1500 -5.46616 1.07816 1e-05 1e-05 100 1500 0 0 1 1
0.1 5.01134 10 1500 -5.46616 1.07816 1e-05 1e-05 100 1500 0 0 1 1
0.1 5.01134 10 1500 -5.46616 1.07816 1e-05 1e-05 100 1500 0 0 1 1
0.1 5.01134 10 1500 -5.46616 1.07816 1e-05 1e-05 100 1500 0 0 1 1
0.1 5.01134 10 1500 -5.46616 1.07816 1e-05 1e-05 100 1500 0 0 1 1
0.1 5.01134 10 1500 -5.46616 1.07816 1e-05 1e-05 100 1500 0 0 1 0
0.1 5.01134 10 1500 -5.46616 1.07816 1e-05 1e-05 100 1500 0 0 1 0
0.1 5.01134 10 1500 -5.46616 1.07816 1e-05 1e-05 100 1500 0 0 1 0
0.1 5.01134 10 1500 -5.46616 1.07816 1e-05 1e-05 100 1500 0 0 1 0
0.1 5.01134 10 1500 -5.46616 1.07816 1e-05 1e-05 100 1500 0 0 1 0
0.1 11.64726 10 1500 -10.75643 2.81314 1e-05 1e-05 100 1500 0 0 1 1
0.1 11.64726 10 1500 -10.75643 2.81314 1e-05 1e-05 100 1500 0 0 1 1
0.1 11.64726 10 1500 -10.75643 2.81314 1e-05 1e-05 100 1500 0 0 1 1
0.1 11.64726 10 1500 -10.75643 2.81314 1e-05 1e-05 100 1500 0 0 1 1
0.1 11.64726 10 1500 -10.75643 2.81314 1e-05 1e-05 100 1500 0 0 1 1
0.1 11.64726 10 1500 -10.75643 2.81314 1e-05 1e-05 100 1500 0 0 1 0
0.1 11.64726 10 1500 -10.75643 2.81314 1e-05 1e-05 100 1500 0 0 1 0
0.1 11.64726 10 1500 -10.75643 2.81314 1e-05 1e-05 100 1500 0 0 1 0
0.1 11.64726 10 1500 -10.75643 2.81314 1e-05 1e-05 100 1500 0 0 1 0
0.1 11.64726 10 1500 -10.75643 2.81314 1e-05 1e-05 100 1500 0 0 1 0
0.1 5.46177 10 1500 -4.74316 1.28570 1e-05 1e-05 100 1500 0 0 1 1
0.1 5.46177 10 1500 -4.74316 1.28570 1e-05 1e-05 100 1500 0 0 1 1
0.1 5.46177 10 1500 -4.74316 1.28570 1e-05 1e-05 100 1500 0 0 1 1
0.1 5.46177 10 1500 -4.74316 1.28570 1e-05 1e-05 100 1500 0 0 1 1
0.1 5.46177 10 1500 -4.74316 1.28570 1e-05 1e-05 100 1500 0 0 1 1
0.1 5.46177 10 1500 -4.74316 1.28570 1e-05 1e-05 100 1500 0 0 1 0
0.1 5.46177 10 1500 -4.74316 1.28570 1e-05 1e-05 100 1500 0 0 1 0
0.1 5.46177 10 1500 -4.74316 1.28570 1e-05 1e-05 100 1500 0 0 1 0
0.1 5.46177 10 1500 -4.74316 1.28570 1e-05 1e-05 100 1500 0 0 1 0
0.1 5.46177 10 1500 -4.74316 1.28570 1e-05 1e-05 100 1500 0 0 1 0
0.1 6.29969 10 1500 -5.15895 0.91030 1e-05 1e-05 100 1500 0 0 1 1
0.1 6.29969 10 1500 -5.15895 0.91030 1e-05 1e-05 100 1500 0 0 1 1
0.1 6.29969 10 1500 -5.15895 0.91030 1e-05 1e-05 100 1500 0 0 1 1
0.1 6.29969 10 1500 -5.15895 0.91030 1e-05 1e-05 100 1500 0 0 1 1
0.1 6.29969 10 1500 -5.15895 0.91030 1e-05 1e-05 100 1500 0 0 1 1
0.1 6.29969 10 1500 -5.15895 0.91030 1e-05 1e-05 100 1500 0 0 1 0
0.1 6.29969 10 1500 -5.15895 0.91030 1e-05 1e-05 100 1500 0 0 1 0
0.1 6.29969 10 1500 -5.15895 0.91030 1e-05 1e-05 100 1500 0 0 1 0
0.1 6.29969 10 1500 -5.15895 0.91030 1e-05 1e-05 100 1500 0 0 1 0
0.1 6.29969 10 1500 -5.15895 0.91030 1e-05 1e-05 100 1500 0 0 1 0
0.1 5.05135 10 1500 -4.34348 1.60036 1e-05 1e-05 100 1500 0 0 1 1
0.1 5.05135 10 1500 -4.34348 1.60036 1e-05 1e-05 100 1500 0 0 1 1
0.1 5.05135 10 1500 -4.34348 1.60036 1e-05 1e-05 100 1500 0 0 1 1
0.1 5.05135 10 1500 -4.34348 1.60036 1e-05 1e-05 100 1500 0 0 1 1
0.1 5.05135 10 1500 -4.34348 1.60036 1e-05 1e-05 100 1500 0 0 1 1
0.1 5.05135 10 1500 -4.34348 1.60036 1e-05 1e-05 100 1500 0 0 1 0
0.1 5.05135 10 1500 -4.34348 1.60036 1e-05 1e-05 100 1500 0 0 1 0
0.1 5.05135 10 1500 -4.34348 1.60036 1e-05 1e-05 100 1500 0 0 1 0
0.1 5.05135 10 1500 -4.34348 1.60036 1e-05 1e-05 100 1500 0 0 1 0
0.1 5.05135 10 1500 -4.34348 1.60036 1e-05 1e-05 100 1500 0 0 1 0
0.1 4.31550 10 1500 -4.67511 1.57139 1e-05 1e-05 100 1500 0 0 1 1
0.1 4.31550 10 1500 -4.67511 1.57139 1e-05 1e-05 100 1500 0 0 1 1
0.1 4.31550 10 1500 -4.67511 1.57139 1e-05 1e-05 100 1500 0 0 1 1
0.1 4.31550 10 1500 -4.67511 1.57139 1e-05 1e-05 100 1500 0 0 1 1
0.1 4.31550 10 1500 -4.67511 1.57139 1e-05 1e-05 100 1500 0 0 1 1
0.1 4.31550 10 1500 -4.67511 1.57139 1e-05 1e-05 100 1500 0 0 1 0
0.1 4.31550 10 1500 -4.67511 1.57139 1e-05 1e-05 100 1500 0 0 1 0
0.1 4.31550 10 1500 -4.67511 1.57139 1e-05 1e-05 100 1500 0 0 1 0
0.1 4.31550 10 1500 -4.67511 1.57139 1e-05 1e-05 100 1500 0 0 1 0
0.1 4.31550 10 1500 -4.67511 1.57139 1e-05 1e-05 100 1500 0 0 1 0
0.1 9.08149 10 1500 -8.79730 1.91174 1e-05 1e-05 100 1500 0 0 1 1
0.1 9.08149 10 1500 -8.79730 1.91174 1e-05 1e-05 100 1500 0 0 1 1
0.1 9.08149 10 1500 -8.79730 1.91174 1e-05 1e-05 100 1500 0 0 1 1
0.1 9.08149 10 1500 -8.79730 1.91174 1e-05 1e-05 100 1500 0 0 1 1
0.1 9.08149 10 1500 -8.79730 1.91174 1e-05 1e-05 100 1500 0 0 1 1
0.1 9.08149 10 1500 -8.79730 1.91174 1e-05 1e-05 100 1500 0 0 1 0
0.1 9.08149 10 1500 -8.79730 1.91174 1e-05 1e-05 100 1500 0 0 1 0
0.1 9.08149 10 1500 -8.79730 1.91174 1e-05 1e-05 100 1500 0 0 1 0
0.1 9.08149 10 1500 -8.79730 1.91174 1e-05 1e-05 100 1500 0 0 1 0
0.1 9.08149 10 1500 -8.79730 1.91174 1e-05 1e-05 100 1500 0 0 1 0
0.1 9.07844 10 1500 -7.24062 1.65693 1e-05 1e-05 100 1500 0 0 1 1
0.1 9.07844 10 1500 -7.24062 1.65693 1e-05 1e-05 100 1500 0 0 1 1
0.1 9.07844 10 1500 -7.24062 1.65693 1e-05 1e-05 100 1500 0 0 1 1
0.1 9.07844 10 1500 -7.24062 1.65693 1e-05 1e-05 100 1500 0 0 1 1
0.1 9.07844 10 1500 -7.24062 1.65693 1e-05 1e-05 100 1500 0 0 1 1
0.1 9.07844 10 1500 -7.24062 1.65693 1e-05 1e-05 100 1500 0 0 1 0
0.1 9.07844 10 1500 -7.24062 1.65693 1e-05 1e-05 100 1500 0 0 1 0
0.1 9.07844 10 1500 -7.24062 1.65693 1e-05 1e-05 100 1500 0 0 1 0
0.1 9.07844 10 1500 -7.24062 1.65693 1e-05 1e-05 100 1500 0 0 1 0
0.1 9.07844 10 1500 -7.24062 1.65693 1e-05 1e-05 100 1500 0 0 1 0
0.1 8.44542 10 1500 -6.65817 1.59441 1e-05 1e-05 100 1500 0 0 1 1
0.1 8.44542 10 1500 -6.65817 1.59441 1e-05 1e-05 100 1500 0 0 1 1
0.1 8.44542 10 1500 -6.65817 1.59441 1e-05 1e-05 100 1500 0 0 1 1
0.1 8.44542 10 1500 -6.65817 1.59441 1e-05 1e-05 100 1500 0 0 1 1
0.1 8.44542 10 1500 -6.65817 1.59441 1e-05 1e-05 100 1500 0 0 1 1
0.1 8.44542 10 1500 -6.65817 1.59441 1e-05 1e-05 100 1500 0 0 1 0
0.1 8.44542 10 1500 -6.65817 1.59441 1e-05 1e-05 100 1500 0 0 1 0
0.1 8.44542 10 1500 -6.65817 1.59441 1e-05 1e-05 100 1500 0 0 1 0
0.1 8.44542 10 1500 -6.65817 1.59441 1e-05 1e-05 100 1500 0 0 1 0
0.1 8.44542 10 1500 -6.65817 1.59441 1e-05 1e-05 100 1500 0 0 1 0
0.1 6.12158 10 1500 -7.10816 1.52029 1e-05 1e-05 100 1500 0 0 1 1
0.1 6.12158 10 1500 -7.10816 1.52029 1e-05 1e-05 100 1500 0 0 1 1
0.1 6.12158 10 1500 -7.10816 1.52029 1e-05 1e-05 100 1500 0 0 1 1
0.1 6.12158 10 1500 -7.10816 1.52029 1e-05 1e-05 100 1500 0 0 1 1
0.1 6.12158 10 1500 -7.10816 1.52029 1e-05 1e-05 100 1500 0 0 1 1
0.1 6.12158 10 1500 -7.10816 1.52029 1e-05 1e-05 100 1500 0 0 1 0
0.1 6.12158 10 1500 -7.10816 1.52029 1e-05 1e-05 100 1500 0 0 1 0
0.1 6.12158 10 1500 -7.10816 1.52029 1e-05 1e-05 100 1500 0 0 1 0
0.1 6.12158 10 1500 -7.10816 1.52029 1e-05 1e-05 100 1500 0 0 1 0
0.1 6.12158 10 1500 -7.10816 1.52029 1e-05 1e-05 100 1500 0 0 1 0
0.1 8.94415 10 1500 -9.64157 2.33870 1e-05 1e-05 100 1500 0 0 1 1
0.1 8.94415 10 1500 -9.64157 2.33870 1e-05 1e-05 100 1500 0 0 1 1
0.1 8.94415 10 1500 -9.64157 2.33870 1e-05 1e-05 100 1500 0 0 1 1
0.1 8.94415 10 1500 -9.64157 2.33870 1e-05 1e-05 100 1500 0 0 1 1
0.1 8.94415 10 1500 -9.64157 2.33870 1e-05 1e-05 100 1500 0 0 1 1
0.1 8.94415 10 1500 -9.64157 2.33870 1e-05 1e-05 100 1500 0 0 1 0
0.1 8.94415 10 1500 -9.64157 2.33870 1e-05 1e-05 100 1500 0 0 1 0
0.1 8.94415 10 1500 -9.64157 2.33870 1e-05 1e-05 100 1500 0 0 1 0
0.1 8.94415 10 1500 -9.64157 2.33870 1e-05 1e-05 100 1500 0 0 1 0
0.1 8.94415 10 1500 -9.64157 2.33870 1e-05 1e-05 100 1500 0 0 1 0
0.1 3.38961 10 1500 -6.58375 0.70865 1e-05 1e-05 100 1500 0 0 1 1
0.1 3.38961 10 1500 -6.58375 0.70865 1e-05 1e-05 100 1500 0 0 1 1
0.1 3.38961 10 1500 -6.58375 0.70865 1e-05 1e-05 100 1500 0 0 1 1
0.1 3.38961 10 1500 -6.58375 0.70865 1e-05 1e-05 100 1500 0 0 1 1
0.1 3.38961 10 1500 -6.58375 0.70865 1e-05 1e-05 100 1500 0 0 1 1
0.1 3.38961 10 1500 -6.58375 0.70865 1e-05 1e-05 100 1500 0 0 1 0
0.1 3.38961 10 1500 -6.58375 0.70865 1e-05 1e-05 100 1500 0 0 1 0
0.1 3.38961 10 1500 -6.58375 0.70865 1e-05 1e-05 100 1500 0 0 1 0
0.1 3.38961 10 1500 -6.58375 0.70865 1e-05 1e-05 100 1500 0 0 1 0
0.1 3.38961 10 1500 -6.58375 0.70865 1e-05 1e-05 100 1500 0 0 1 0
0.1 6.76924 10 1500 -7.70765 1.47263 1e-05 1e-05 100 1500 0 0 1 1
0.1 6.76924 10 1500 -7.70765 1.47263 1e-05 1e-05 100 1500 0 0 1 1
0.1 6.76924 10 1500 -7.70765 1.47263 1e-05 1e-05 100 1500 0 0 1 1
0.1 6.76924 10 1500 -7.70765 1.47263 1e-05 1e-05 100 1500 0 0 1 1
0.1 6.76924 10 1500 -7.70765 1.47263 1e-05 1e-05 100 1500 0 0 1 1
0.1 6.76924 10 1500 -7.70765 1.47263 1e-05 1e-05 100 1500 0 0 1 0
0.1 6.76924 10 1500 -7.70765 1.47263 1e-05 1e-05 100 1500 0 0 1 0
0.1 6.76924 10 1500 -7.70765 1.47263 1e-05 1e-05 100 1500 0 0 1 0
0.1 6.76924 10 1500 -7.70765 1.47263 1e-05 1e-05 100 1500 0 0 1 0
0.1 6.76924 10 1500 -7.70765 1.47263 1e-05 1e-05 100 1500 0 0 1 0
0.1 6.11323 10 1500 -5.96068 1.40844 1e-05 1e-05 100 1500 0 0 1 1
0.1 6.11323 10 1500 -5.96068 1.40844 1e-05 1e-05 100 1500 0 0 1 1
0.1 6.11323 10 1500 -5.96068 1.40844 1e-05 1e-05 100 1500 0 0 1 1
0.1 6.11323 10 1500 -5.96068 1.40844 1e-05 1e-05 100 1500 0 0 1 1
0.1 6.11323 10 1500 -5.96068 1.40844 1e-05 1e-05 100 1500 0 0 1 1
0.1 6.11323 10 1500 -5.96068 1.40844 1e-05 1e-05 100 1500 0 0 1 0
0.1 6.11323 10 1500 -5.96068 1.40844 1e-05 1e-05 100 1500 0 0 1 0
0.1 6.11323 10 1500 -5.96068 1.40844 1e-05 1e-05 100 1500 0 0 1 0
0.1 6.11323 10 1500 -5.96068 1.40844 1e-05 1e-05 100 1500 0 0 1 0
0.1 6.11323 10 1500 -5.96068 1.40844 1e-05 1e-05 100 1500 0 0 1 0
0.1 9.52074 10 1500 -7.10621 2.30733 1e-05 1e-05 100 1500 0 0 1 1
0.1 9.52074 10 1500 -7.10621 2.30733 1e-05 1e-05 100 1500 0 0 1 1
0.1 9.52074 10 1500 -7.10621 2.30733 1e-05 1e-05 100 1500 0 0 1 1
0.1 9.52074 10 1500 -7.10621 2.30733 1e-05 1e-05 100 1500 0 0 1 1
0.1 9.52074 10 1500 -7.10621 2.30733 1e-05 1e-05 100 1500 0 0 1 1
0.1 9.52074 10 1500 -7.10621 2.30733 1e-05 1e-05 100 1500 0 0 1 0
0.1 9.52074 10 1500 -7.10621 2.30733 1e-05 1e-05 100 1500 0 0 1 0
0.1 9.52074 10 1500 -7.10621 2.30733 1e-05 1e-05 100 1500 0 0 1 0
0.1 9.52074 10 1500 -7.10621 2.30733 1e-05 1e-05 100 1500 0 0 1 0
0.1 9.52074 10 1500 -7.10621 2.30733 1e-05 1e-05 100 1500 0 0 1 0
0.1 4.34684 10 1500 -3.48349 0.74434 1e-05 1e-05 100 1500 0 0 1 1
0.1 4.34684 10 1500 -3.48349 0.74434 1e-05 1e-05 100 1500 0 0 1 1
0.1 4.34684 10 1500 -3.48349 0.74434 1e-05 1e-05 100 1500 0 0 1 1
0.1 4.34684 10 1500 -3.48349 0.74434 1e-05 1e-05 100 1500 0 0 1 1
0.1 4.34684 10 1500 -3.48349 0.74434 1e-05 1e-05 100 1500 0 0 1 1
0.1 4.34684 10 1500 -3.48349 0.74434 1e-05 1e-05 100 1500 0 0 1 0
0.1 4.34684 10 1500 -3.48349 0.74434 1e-05 1e-05 100 1500 0 0 1 0
0.1 4.34684 10 1500 -3.48349 0.74434 1e-05 1e-05 100 1500 0 0 1 0
0.1 4.34684 10 1500 -3.48349 0.74434 1e-05 1e-05 100 1500 0 0 1 0
0.1 4.34684 10 1500 -3.48349 0.74434 1e-05 1e-05 100 1500 0 0 1 0
0.1 7.12428 10 1500 -5.59566 1.39400 1e-05 1e-05 100 1500 0 0 1 1
0.1 7.12428 10 1500 -5.59566 1.39400 1e-05 1e-05 100 1500 0 0 1 1
0.1 7.12428 10 1500 -5.59566 1.39400 1e-05 1e-05 100 1500 0 0 1 1
0.1 7.12428 10 1500 -5.59566 1.39400 1e-05 1e-05 100 1500 0 0 1 1
0.1 7.12428 10 1500 -5.59566 1.39400 1e-05 1e-05 100 1500 0 0 1 1
0.1 7.12428 10 1500 -5.59566 1.39400 1e-05 1e-05 100 1500 0 0 1 0
0.1 7.12428 10 1500 -5.59566 1.39400 1e-05 1e-05 100 1500 0 0 1 0
0.1 7.12428 10 1500 -5.59566 1.39400 1e-05 1e-05 100 1500 0 0 1 0
0.1 7.12428 10 1500 -5.59566 1.39400 1e-05 1e-05 100 1500 0 0 1 0
0.1 7.12428 10 1500 -5.59566 1.39400 1e-05 1e-05 100 1500 0 0 1 0
0.1 6.24772 10 1500 -4.75493 1.54354 1e-05 1e-05 100 1500 0 0 1 1
0.1 6.24772 10 1500 -4.75493 1.54354 1e-05 1e-05 100 1500 0 0 1 1
0.1 6.24772 10 1500 -4.75493 1.54354 1e-05 1e-05 100 1500 0 0 1 1
0.1 6.24772 10 1500 -4.75493 1.54354 1e-05 1e-05 100 1500 0 0 1 1
0.1 6.24772 10 1500 -4.75493 1.54354 1e-05 1e-05 100 1500 0 0 1 1
0.1 6.24772 10 1500 -4.75493 1.54354 1e-05 1e-05 100 1500 0 0 1 0
0.1 6.24772 10 1500 -4.75493 1.54354 1e-05 1e-05 100 1500 0 0 1 0
0.1 6.24772 10 1500 -4.75493 1.54354 1e-05 1e-05 100 1500 0 0 1 0
0.1 6.24772 10 1500 -4.75493 1.54354 1e-05 1e-05 100 1500 0 0 1 0
0.1 6.24772 10 1500 -4.75493 1.54354 1e-05 1e-05 100 1500 0 0 1 0
0.1 9.77679 10 1500 -6.27185 1.56274 1e-05 1e-05 100 1500 0 0 1 1
0.1 9.77679 10 1500 -6.27185 1.56274 1e-05 1e-05 100 1500 0 0 1 1
0.1 9.77679 10 1500 -6.27185 1.56274 1e-05 1e-05 100 1500 0 0 1 1
0.1 9.77679 10 1500 -6.27185 1.56274 1e-05 1e-05 100 1500 0 0 1 1
0.1 9.77679 10 1500 -6.27185 1.56274 1e-05 1e-05 100 1500 0 0 1 1
0.1 9.77679 10 1500 -6.27185 1.56274 1e-05 1e-05 100 1500 0 0 1 0
0.1 9.77679 10 1500 -6.27185 1.56274 1e-05 1e-05 100 1500 0 0 1 0
0.1 9.77679 10 1500 -6.27185 1.56274 1e-05 1e-05 100 1500 0 0 1 0
0.1 9.77679 10 1500 -6.27185 1.56274 1e-05 1e-05 100 1500 0 0 1 0
0.1 9.77679 10 1500 -6.27185 1.56274 1e-05 1e-05 100 1500 0 0 1 0
0.1 5.93575 10 1500 -3.82828 1.51756 1e-05 1e-05 100 1500 0 0 1 1
0.1 5.93575 10 1500 -3.82828 1.51756 1e-05 1e-05 100 1500 0 0 1 1
0.1 5.93575 10 1500 -3.82828 1.51756 1e-05 1e-05 100 1500 0 0 1 1
0.1 5.93575 10 1500 -3.82828 1.51756 1e-05 1e-05 100 1500 0 0 1 1
0.1 5.93575 10 1500 -3.82828 1.51756 1e-05 1e-05 100 1500 0 0 1 1
0.1 5.93575 10 1500 -3.82828 1.51756 1e-05 1e-05 100 1500 0 0 1 0
0.1 5.93575 10 1500 -3.82828 1.51756 1e-05 1e-05 100 1500 0 0 1 0
0.1 5.93575 10 1500 -3.82828 1.51756 1e-05 1e-05 100 1500 0 0 1 0
0.1 5.93575 10 1500 -3.82828 1.51756 1e-05 1e-05 100 1500 0 0 1 0
0.1 5.93575 10 1500 -3.82828 1.51756 1e-05 1e-05 100 1500 0 0 1 0
0.1 4.82728 10 1500 -5.98624 2.01682 1e-05 1e-05 100 1500 0 0 1 1
0.1 4.82728 10 1500 -5.98624 2.01682 1e-05 1e-05 100 1500 0 0 1 1
0.1 4.82728 10 1500 -5.98624 2.01682 1e-05 1e-05 100 1500 0 0 1 1
0.1 4.82728 10 1500 -5.98624 2.01682 1e-05 1e-05 100 1500 0 0 1 1
0.1 4.82728 10 1500 -5.98624 2.01682 1e-05 1e-05 100 1500 0 0 1 1
0.1 4.82728 10 1500 -5.98624 2.01682 1e-05 1e-05 100 1500 0 0 1 0
0.1 4.82728 10 1500 -5.98624 2.01682 1e-05 1e-05 100 1500 0 0 1 0
0.1 4.82728 10 1500 -5.98624 2.01682 1e-05 1e-05 100 1500 0 0 1 0
0.1 4.82728 10 1500 -5.98624 2.01682 1e-05 1e-05 100 1500 0 0 1 0
0.1 4.82728 10 1500 -5.98624 2.01682 1e-05 1e-05 100 1500 0 0 1 0
0.1 9.87886 10 1500 -8.79241 2.38409 1e-05 1e-05 100 1500 0 0 1 1
0.1 9.87886 10 1500 -8.79241 2.38409 1e-05 1e-05 100 1500 0 0 1 1
0.1 9.87886 10 1500 -8.79241 2.38409 1e-05 1e-05 100 1500 0 0 1 1
0.1 9.87886 10 1500 -8.79241 2.38409 1e-05 1e-05 100 1500 0 0 1 1
0.1 9.87886 10 1500 -8.79241 2.38409 1e-05 1e-05 100 1500 0 0 1 1
0.1 9.87886 10 1500 -8.79241 2.38409 1e-05 1e-05 100 1500 0 0 1 0
0.1 9.87886 10 1500 -8.79241 2.38409 1e-05 1e-05 100 1500 0 0 1 0
0.1 9.87886 10 1500 -8.79241 2.38409 1e-05 1e-05 100 1500 0 0 1 0
0.1 9.87886 10 1500 -8.79241 2.38409 1e-05 1e-05 100 1500 0 0 1 0
0.1 9.87886 10 1500 -8.79241 2.38409 1e-05 1e-05 100 1500 0 0 1 0
0.1 10.63995 10 1500 -10.46303 2.01776 1e-05 1e-05 100 1500 0 0 1 1
0.1 10.63995 10 1500 -10.46303 2.01776 1e-05 1e-05 100 1500 0 0 1 1
0.1 10.63995 10 1500 -10.46303 2.01776 1e-05 1e-05 100 1500 0 0 1 1
0.1 10.63995 10 1500 -10.46303 2.01776 1e-05 1e-05 100 1500 0 0 1 1
0.1 10.63995 10 1500 -10.46303 2.01776 1e-05 1e-05 100 1500 0 0 1 1
0.1 10.63995 10 1500 -10.46303 2.01776 1e-05 1e-05 100 1500 0 0 1 0
0.1 10.63995 10 1500 -10.46303 2.01776 1e-05 1e-05 100 1500 0 0 1 0
0.1 10.63995 10 1500 -10.46303 2.01776 1e-05 1e-05 100 1500 0 0 1 0
0.1 10.63995 10 1500 -10.46303 2.01776 1e-05 1e-05 100 1500 0 0 1 0
0.1 10.63995 10 1500 -10.46303 2.01776 1e-05 1e-05 100 1500 0 0 1 0
0.1 8.26452 10 1500 -8.84302 2.32552 1e-05 1e-05 100 1500 0 0 1 1
0.1 8.26452 10 1500 -8.84302 2.32552 1e-05 1e-05 100 1500 0 0 1 1
0.1 8.26452 10 1500 -8.84302 2.32552 1e-05 1e-05 100 1500 0 0 1 1
0.1 8.26452 10 1500 -8.84302 2.32552 1e-05 1e-05 100 1500 0 0 1 1
0.1 8.26452 10 1500 -8.84302 2.32552 1e-05 1e-05 100 1500 0 0 1 1
0.1 8.26452 10 1500 -8.84302 2.32552 1e-05 1e-05 100 1500 0 0 1 0
0.1 8.26452 10 1500 -8.84302 2.32552 1e-05 1e-05 100 1500 0 0 1 0
0.1 8.26452 10 1500 -8.84302 2.32552 1e-05 1e-05 100 1500 0 0 1 0
0.1 8.26452 10 1500 -8.84302 2.32552 1e-05 1e-05 100 1500 0 0 1 0
0.1 8.26452 10 1500 -8.84302 2.32552 1e-05 1e-05 100 1500 0 0 1 0
0.1 6.56599 10 1500 -4.85725 1.64396 1e-05 1e-05 100 1500 0 0 1 1
0.1 6.56599 10 1500 -4.85725 1.64396 1e-05 1e-05 100 1500 0 0 1 1
0.1 6.56599 10 1500 -4.85725 1.64396 1e-05 1e-05 100 1500 0 0 1 1
0.1 6.56599 10 1500 -4.85725 1.64396 1e-05 1e-05 100 1500 0 0 1 1
0.1 6.56599 10 1500 -4.85725 1.64396 1e-05 1e-05 100 1500 0 0 1 1
0.1 6.56599 10 1500 -4.85725 1.64396 1e-05 1e-05 100 1500 0 0 1 0
0.1 6.56599 10 1500 -4.85725 1.64396 1e-05 1e-05 100 1500 0 0 1 0
0.1 6.56599 10 1500 -4.85725 1.64396 1e-05 1e-05 100 1500 0 0 1 0
0.1 6.56599 10 1500 -4.85725 1.64396 1e-05 1e-05 100 1500 0 0 1 0
0.1 6.56599 10 1500 -4.85725 1.64396 1e-05 1e-05 100 1500 0 0 1 0
0.1 8.37435 10 1500 -8.67787 2.02109 1e-05 1e-05 100 1500 0 0 1 1
0.1 8.37435 10 1500 -8.67787 2.02109 1e-05 1e-05 100 1500 0 0 1 1
0.1 8.37435 10 1500 -8.67787 2.02109 1e-05 1e-05 100 1500 0 0 1 1
0.1 8.37435 10 1500 -8.67787 2.02109 1e-05 1e-05 100 1500 0 0 1 1
0.1 8.37435 10 1500 -8.67787 2.02109 1e-05 1e-05 100 1500 0 0 1 1
0.1 8.37435 10 1500 -8.67787 2.02109 1e-05 1e-05 100 1500 0 0 1 0
0.1 8.37435 10 1500 -8.67787 2.02109 1e-05 1e-05 100 1500 0 0 1 0
0.1 8.37435 10 1500 -8.67787 2.02109 1e-05 1e-05 100 1500 0 0 1 0
0.1 8.37435 10 1500 -8.67787 2.02109 1e-05 1e-05 100 1500 0 0 1 0
0.1 8.37435 10 1500 -8.67787 2.02109 1e-05 1e-05 100 1500 0 0 1 0
0.1 8.61194 10 1500 -7.67844 1.92905 1e-05 1e-05 100 1500 0 0 1 1
0.1 8.61194 10 1500 -7.67844 1.92905 1e-05 1e-05 100 1500 0 0 1 1
0.1 8.61194 10 1500 -7.67844 1.92905 1e-05 1e-05 100 1500 0 0 1 1
0.1 8.61194 10 1500 -7.67844 1.92905 1e-05 1e-05 100 1500 0 0 1 1
0.1 8.61194 10 1500 -7.67844 1.92905 1e-05 1e-05 100 1500 0 0 1 1
0.1 8.61194 10 1500 -7.67844 1.92905 1e-05 1e-05 100 1500 0 0 1 0
0.1 8.61194 10 1500 -7.67844 1.92905 1e-05 1e-05 100 1500 0 0 1 0
0.1 8.61194 10 1500 -7.67844 1.92905 1e-05 1e-05 100 1500 0 0 1 0
0.1 8.61194 10 1500 -7.67844 1.92905 1e-05 1e-05 100 1500 0 0 1 0
0.1 8.61194 10 1500 -7.67844 1.92905 1e-05 1e-05 100 1500 0 0 1 0
0.1 6.42829 10 1500 -5.64596 1.00216 1e-05 1e-05 100 1500 0 0 1 1
0.1 6.42829 10 1500 -5.64596 1.00216 1e-05 1e-05 100 1500 0 0 1 1
0.1 6.42829 10 1500 -5.64596 1.00216 1e-05 1e-05 100 1500 0 0 1 1
0.1 6.42829 10 1500 -5.64596 1.00216 1e-05 1e-05 100 1500 0 0 1 1
0.1 6.42829 10 1500 -5.64596 1.00216 1e-05 1e-05 100 1500 0 0 1 1
0.1 6.42829 10 1500 -5.64596 1.00216 1e-05 1e-05 100 1500 0 0 1 0
0.1 6.42829 10 1500 -5.64596 1.00216 1e-05 1e-05 100 1500 0 0 1 0
0.1 6.42829 10 1500 -5.64596 1.00216 1e-05 1e-05 100 1500 0 0 1 0
0.1 6.42829 10 1500 -5.64596 1.00216 1e-05 1e-05 100 1500 0 0 1 0
0.1 6.42829 10 1500 -5.64596 1.00216 1e-05 1e-05 100 1500 0 0 1 0
0.1 4.44619 10 1500 -3.43524 1.29889 1e-05 1e-05 100 1500 0 0 1 1
0.1 4.44619 10 1500 -3.43524 1.29889 1e-05 1e-05 100 1500 0 0 1 1
0.1 4.44619 10 1500 -3.43524 1.29889 1e-05 1e-05 100 1500 0 0 1 1
0.1 4.44619 10 1500 -3.43524 1.29889 1e-05 1e-05 100 1500 0 0 1 1
0.1 4.44619 10 1500 -3.43524 1.29889 1e-05 1e-05 100 1500 0 0 1 1
0.1 4.44619 10 1500 -3.43524 1.29889 1e-05 1e-05 100 1500 0 0 1 0
0.1 4.44619 10 1500 -3.43524 1.29889 1e-05 1e-05 100 1500 0 0 1 0
0.1 4.44619 10 1500 -3.43524 1.29889 1e-05 1e-05 100 1500 0 0 1 0
0.1 4.44619 10 1500 -3.43524 1.29889 1e-05 1e-05 100 1500 0 0 1 0
0.1 4.44619 10 1500 -3.43524 1.29889 1e-05 1e-05 100 1500 0 0 1 0
0.1 6.56533 10 1500 -6.77336 1.77001 1e-05 1e-05 100 1500 0 0 1 1
0.1 6.56533 10 1500 -6.77336 1.77001 1e-05 1e-05 100 1500 0 0 1 1
0.1 6.56533 10 1500 -6.77336 1.77001 1e-05 1e-05 100 1500 0 0 1 1
0.1 6.56533 10 1500 -6.77336 1.77001 1e-05 1e-05 100 1500 0 0 1 1
0.1 6.56533 10 1500 -6.77336 1.77001 1e-05 1e-05 100 1500 0 0 1 1
0.1 6.56533 10 1500 -6.77336 1.77001 1e-05 1e-05 100 1500 0 0 1 0
0.1 6.56533 10 1500 -6.77336 1.77001 1e-05 1e-05 100 1500 0 0 1 0
0.1 6.56533 10 1500 -6.77336 1.77001 1e-05 1e-05 100 1500 0 0 1 0
0.1 6.56533 10 1500 -6.77336 1.77001 1e-05 1e-05 100 1500 0 0 1 0
0.1 6.56533 10 1500 -6.77336 1.77001 1e-05 1e-05 100 1500 0 0 1 0
0.1 10.43913 10 1500 -9.13113 2.82430 1e-05 1e-05 100 1500 0 0 1 1
0.1 10.43913 10 1500 -9.13113 2.82430 1e-05 1e-05 100 1500 0 0 1 1
0.1 10.43913 10 1500 -9.13113 2.82430 1e-05 1e-05 100 1500 0 0 1 1
0.1 10.43913 10 1500 -9.13113 2.82430 1e-05 1e-05 100 1500 0 0 1 1
0.1 10.43913 10 1500 -9.13113 2.82430 1e-05 1e-05 100 1500 0 0 1 1
0.1 10.43913 10 1500 -9.13113 2.82430 1e-05 1e-05 100 1500 0 0 1 0
0.1 10.43913 10 1500 -9.13113 2.82430 1e-05 1e-05 100 1500 0 0 1 0
0.1 10.43913 10 1500 -9.13113 2.82430 1e-05 1e-05 100 1500 0 0 1 0
0.1 10.43913 10 1500 -9.13113 2.82430 1e-05 1e-05 100 1500 0 0 1 0
0.1 10.43913 10 1500 -9.13113 2.82430 1e-05 1e-05 100 1500 0 0 1 0
0.1 3.47119 10 1500 -4.41981 1.15934 1e-05 1e-05 100 1500 0 0 1 1
0.1 3.47119 10 1500 -4.41981 1.15934 1e-05 1e-05 100 1500 0 0 1 1
0.1 3.47119 10 1500 -4.41981 1.15934 1e-05 1e-05 100 1500 0 0 1 1
0.1 3.47119 10 1500 -4.41981 1.15934 1e-05 1e-05 100 1500 0 0 1 1
0.1 3.47119 10 1500 -4.41981 1.15934 1e-05 1e-05 100 1500 0 0 1 1
0.1 3.47119 10 1500 -4.41981 1.15934 1e-05 1e-05 100 1500 0 0 1 0
0.1 3.47119 10 1500 -4.41981 1.15934 1e-05 1e-05 100 1500 0 0 1 0
0.1 3.47119 10 1500 -4.41981 1.15934 1e-05 1e-05 100 1500 0 0 1 0
0.1 3.47119 10 1500 -4.41981 1.15934 1e-05 1e-05 100 1500 0 0 1 0
0.1 3.47119 10 1500 -4.41981 1.15934 1e-05 1e-05 100 1500 0 0 1 0
0.1 8.01021 10 1500 -6.72482 1.58288 1e-05 1e-05 100 1500 0 0 1 1
0.1 8.01021 10 1500 -6.72482 1.58288 1e-05 1e-05 100 1500 0 0 1 1
0.1 8.01021 10 1500 -6.72482 1.58288 1e-05 1e-05 100 1500 0 0 1 1
0.1 8.01021 10 1500 -6.72482 1.58288 1e-05 1e-05 100 1500 0 0 1 1
0.1 8.01021 10 1500 -6.72482 1.58288 1e-05 1e-05 100 1500 0 0 1 1
0.1 8.01021 10 1500 -6.72482 1.58288 1e-05 1e-05 100 1500 0 0 1 0
0.1 8.01021 10 1500 -6.72482 1.58288 1e-05 1e-05 100 1500 0 0 1 0
0.1 8.01021 10 1500 -6.72482 1.58288 1e-05 1e-05 100 1500 0 0 1 0
0.1 8.01021 10 1500 -6.72482 1.58288 1e-05 1e-05 100 1500 0 0 1 0
0.1 8.01021 10 1500 -6.72482 1.58288 1e-05 1e-05 100 1500 0 0 1 0
0.1 5.91065 10 1500 -7.37217 1.52543 1e-05 1e-05 100 1500 0 0 1 1
0.1 5.91065 10 1500 -7.37217 1.52543 1e-05 1e-05 100 1500 0 0 1 1
0.1 5.91065 10 1500 -7.37217 1.52543 1e-05 1e-05 100 1500 0 0 1 1
0.1 5.91065 10 1500 -7.37217 1.52543 1e-05 1e-05 100 1500 0 0 1 1
0.1 5.91065 10 1500 -7.37217 1.52543 1e-05 1e-05 100 1500 0 0 1 1
0.1 5.91065 10 1500 -7.37217 1.52543 1e-05 1e-05 100 1500 0 0 1 0
0.1 5.91065 10 1500 -7.37217 1.52543 1e-05 1e-05 100 1500 0 0 1 0
0.1 5.91065 10 1500 -7.37217 1.52543 1e-05 1e-05 100 1500 0 0 1 0
0.1 5.91065 10 1500 -7.37217 1.52543 1e-05 1e-05 100 1500 0 0 1 0
0.1 5.91065 10 1500 -7.37217 1.52543 1e-05 1e-05 100 1500 0 0 1 0
0.1 7.52041 10 1500 -7.22698 1.29189 1e-05 1e-05 100 1500 0 0 1 1
0.1 7.52041 10 1500 -7.22698 1.29189 1e-05 1e-05 100 1500 0 0 1 1
0.1 7.52041 10 1500 -7.22698 1.29189 1e-05 1e-05 100 1500 0 0 1 1
0.1 7.52041 10 1500 -7.22698 1.29189 1e-05 1e-05 100 1500 0 0 1 1
0.1 7.52041 10 1500 -7.22698 1.29189 1e-05 1e-05 100 1500 0 0 1 1
0.1 7.52041 10 1500 -7.22698 1.29189 1e-05 1e-05 100 1500 0 0 1 0
0.1 7.52041 10 1500 -7.22698 1.29189 1e-05 1e-05 100 1500 0 0 1 0
0.1 7.52041 10 1500 -7.22698 1.29189 1e-05 1e-05 100 1500 0 0 1 0
0.1 7.52041 10 1500 -7.22698 1.29189 1e-05 1e-05 100 1500 0 0 1 0
0.1 7.52041 10 1500 -7.22698 1.29189 1e-05 1e-05 100 1500 0 0 1 0
0.1 3.59574 10 1500 -3.96413 1.31167 1e-05 1e-05 100 1500 0 0 1 1
0.1 3.59574 10 1500 -3.96413 1.31167 1e-05 1e-05 100 1500 0 0 1 1
0.1 3.59574 10 1500 -3.96413 1.31167 1e-05 1e-05 100 1500 0 0 1 1
0.1 3.59574 10 1500 -3.96413 1.31167 1e-05 1e-05 100 1500 0 0 1 1
0.1 3.59574 10 1500 -3.96413 1.31167 1e-05 1e-05 100 1500 0 0 1 1
0.1 3.59574 10 1500 -3.96413 1.31167 1e-05 1e-05 100 1500 0 0 1 0
0.1 3.59574 10 1500 -3.96413 1.31167 1e-05 1e-05 100 1500 0 0 1 0
0.1 3.59574 10 1500 -3.96413 1.31167 1e-05 1e-05 100 1500 0 0 1 0
0.1 3.59574 10 1500 -3.96413 1.31167 1e-05 1e-05 100 1500 0 0 1 0
0.1 3.59574 10 1500 -3.96413 1.31167 1e-05 1e-05 100 1500 0 0 1 0
0.1 9.53423 10 1500 -7.11631 1.62264 1e-05 1e-05 100 1500 0 0 1 1
0.1 9.53423 10 1500 -7.11631 1.62264 1e-05 1e-05 100 1500 0 0 1 1
0.1 9.53423 10 1500 -7.11631 1.62264 1e-05 1e-05 100 1500 0 0 1 1
0.1 9.53423 10 1500 -7.11631 1.62264 1e-05 1e-05 100 1500 0 0 1 1
0.1 9.53423 10 1500 -7.11631 1.62264 1e-05 1e-05 100 1500 0 0 1 1
0.1 9.53423 10 1500 -7.11631 1.62264 1e-05 1e-05 100 1500 0 0 1 0
0.1 9.53423 10 1500 -7.11631 1.62264 1e-05 1e-05 100 1500 0 0 1 0
0.1 9.53423 10 1500 -7.11631 1.62264 1e-05 1e-05 100 1500 0 0 1 0
0.1 9.53423 10 1500 -7.11631 1.62264 1e-05 1e-05 100 1500 0 0 1 0
0.1 9.53423 10 1500 -7.11631 1.62264 1e-05 1e-05 100 1500 0 0 1 0
0.1 8.69283 10 1500 -7.49116 1.58606 1e-05 1e-05 100 1500 0 0 1 1
0.1 8.69283 10 1500 -7.49116 1.58606 1e-05 1e-05 100 1500 0 0 1 1
0.1 8.69283 10 1500 -7.49116 1.58606 1e-05 1e-05 100 1500 0 0 1 1
0.1 8.69283 10 1500 -7.49116 1.58606 1e-05 1e-05 100 1500 0 0 1 1
0.1 8.69283 10 1500 -7.49116 1.58606 1e-05 1e-05 100 1500 0 0 1 1
0.1 8.69283 10 1500 -7.49116 1.58606 1e-05 1e-05 100 1500 0 0 1 0
0.1 8.69283 10 1500 -7.49116 1.58606 1e-05 1e-05 100 1500 0 0 1 0
0.1 8.69283 10 1500 -7.49116 1.58606 1e-05 1e-05 100 1500 0 0 1 0
0.1 8.69283 10 1500 -7.49116 1.58606 1e-05 1e-05 100 1500 0 0 1 0
0.1 8.69283 10 1500 -7.49116 1.58606 1e-05 1e-05 100 1500 0 0 1 0
0.1 3.17142 10 1500 -2.23362 0.47757 1e-05 1e-05 100 1500 0 0 1 1
0.1 3.17142 10 1500 -2.23362 0.47757 1e-05 1e-05 100 1500 0 0 1 1
0.1 3.17142 10 1500 -2.23362 0.47757 1e-05 1e-05 100 1500 0 0 1 1
0.1 3.17142 10 1500 -2.23362 0.47757 1e-05 1e-05 100 1500 0 0 1 1
0.1 3.17142 10 1500 -2.23362 0.47757 1e-05 1e-05 100 1500 0 0 1 1
0.1 3.17142 10 1500 -2.23362 0.47757 1e-05 1e-05 100 1500 0 0 1 0
0.1 3.17142 10 1500 -2.23362 0.47757 1e-05 1e-05 100 1500 0 0 1 0
0.1 3.17142 10 1500 -2.23362 0.47757 1e-05 1e-05 100 1500 0 0 1 0
0.1 3.17142 10 1500 -2.23362 0.47757 1e-05 1e-05 100 1500 0 0 1 0
0.1 3.17142 10 1500 -2.23362 0.47757 1e-05 1e-05 100 1500 0 0 1 0
0.1 3.27047 10 1500 -6.30643 0.81207 1e-05 1e-05 100 1500 0 0 1 1
0.1 3.27047 10 1500 -6.30643 0.81207 1e-05 1e-05 100 1500 0 0 1 1
0.1 3.27047 10 1500 -6.30643 0.81207 1e-05 1e-05 100 1500 0 0 1 1
0.1 3.27047 10 1500 -6.30643 0.81207 1e-05 1e-05 100 1500 0 0 1 1
0.1 3.27047 10 1500 -6.30643 0.81207 1e-05 1e-05 100 1500 0 0 1 1
0.1 3.27047 10 1500 -6.30643 0.81207 1e-05 1e-05 100 1500 0 0 1 0
0.1 3.27047 10 1500 -6.30643 0.81207 1e-05 1e-05 100 1500 0 0 1 0
0.1 3.27047 10 1500 -6.30643 0.81207 1e-05 1e-05 100 1500 0 0 1 0
0.1 3.27047 10 1500 -6.30643 0.81207 1e-05 1e-05 100 1500 0 0 1 0
0.1 3.27047 10 1500 -6.30643 0.81207 1e-05 1e-05 100 1500 0 0 1 0
0.1 5.78963 10 1500 -5.65662 1.42666 1e-05 1e-05 100 1500 0 0 1 1
0.1 5.78963 10 1500 -5.65662 1.42666 1e-05 1e-05 100 1500 0 0 1 1
0.1 5.78963 10 1500 -5.65662 1.42666 1e-05 1e-05 100 1500 0 0 1 1
0.1 5.78963 10 1500 -5.65662 1.42666 1e-05 1e-05 100 1500 0 0 1 1
0.1 5.78963 10 1500 -5.65662 1.42666 1e-05 1e-05 100 1500 0 0 1 1
0.1 5.78963 10 1500 -5.65662 1.42666 1e-05 1e-05 100 1500 0 0 1 0
0.1 5.78963 10 1500 -5.65662 1.42666 1e-05 1e-05 100 1500 0 0 1 0
0.1 5.78963 10 1500 -5.65662 1.42666 1e-05 1e-05 100 1500 0 0 1 0
0.1 5.78963 10 1500 -5.65662 1.42666 1e-05 1e-05 100 1500 0 0 1 0
0.1 5.78963 10 1500 -5.65662 1.42666 1e-05 1e-05 100 1500 0 0 1 0
0.1 6.85799 10 1500 -7.47913 1.61548 1e-05 1e-05 100 1500 0 0 1 1
0.1 6.85799 10 1500 -7.47913 1.61548 1e-05 1e-05 100 1500 0 0 1 1
0.1 6.85799 10 1500 -7.47913 1.61548 1e-05 1e-05 100 1500 0 0 1 1
0.1 6.85799 10 1500 -7.47913 1.61548 1e-05 1e-05 100 1500 0 0 1 1
0.1 6.85799 10 1500 -7.47913 1.61548 1e-05 1e-05 100 1500 0 0 1 1
0.1 6.85799 10 1500 -7.47913 1.61548 1e-05 1e-05 100 1500 0 0 1 0
0.1 6.85799 10 1500 -7.47913 1.61548 1e-05 1e-05 100 1500 0 0 1 0
0.1 6.85799 10 1500 -7.47913 1.61548 1e-05 1e-05 100 1500 0 0 1 0
0.1 6.85799 10 1500 -7.47913 1.61548 1e-05 1e-05 100 1500 0 0 1 0
0.1 6.85799 10 1500 -7.47913 1.61548 1e-05 1e-05 100 1500 0 0 1 0
0.1 7.45235 10 1500 -7.27897 2.11749 1e-05 1e-05 100 1500 0 0 1 1
0.1 7.45235 10 1500 -7.27897 2.11749 1e-05 1e-05 100 1500 0 0 1 1
0.1 7.45235 10 1500 -7.27897 2.11749 1e-05 1e-05 100 1500 0 0 1 1
0.1 7.45235 10 1500 -7.27897 2.11749 1e-05 1e-05 100 1500 0 0 1 1
0.1 7.45235 10 1500 -7.27897 2.11749 1e-05 1e-05 100 1500 0 0 1 1
0.1 7.45235 10 1500 -7.27897 2.11749 1e-05 1e-05 100 1500 0 0 1 0
0.1 7.45235 10 1500 -7.27897 2.11749 1e-05 1e-05 100 1500 0 0 1 0
0.1 7.45235 10 1500 -7.27897 2.11749 1e-05 1e-05 100 1500 0 0 1 0
0.1 7.45235 10 1500 -7.27897 2.11749 1e-05 1e-05 100 1500 0 0 1 0
0.1 7.45235 10 1500 -7.27897 2.11749 1e-05 1e-05 100 1500 0 0 1 0
0.1 8.64329 10 1500 -7.68226 2.27539 1e-05 1e-05 100 1500 0 0 1 1
0.1 8.64329 10 1500 -7.68226 2.27539 1e-05 1e-05 100 1500 0 0 1 1
0.1 8.64329 10 1500 -7.68226 2.27539 1e-05 1e-05 100 1500 0 0 1 1
0.1 8.64329 10 1500 -7.68226 2.27539 1e-05 1e-05 100 1500 0 0 1 1
0.1 8.64329 10 1500 -7.68226 2.27539 1e-05 1e-05 100 1500 0 0 1 1
0.1 8.64329 10 1500 -7.68226 2.27539 1e-05 1e-05 100 1500 0 0 1 0
0.1 8.64329 10 1500 -7.68226 2.27539 1e-05 1e-05 100 1500 0 0 1 0
0.1 8.64329 10 1500 -7.68226 2.27539 1e-05 1e-05 100 1500 0 0 1 0
0.1 8.64329 10 1500 -7.68226 2.27539 1e-05 1e-05 100 1500 0 0 1 0
0.1 8.64329 10 1500 -7.68226 2.27539 1e-05 1e-05 100 1500 0 0 1 0
0.1 4.13962 10 1500 -4.79973 1.16161 1e-05 1e-05 100 1500 0 0 1 1
0.1 4.13962 10 1500 -4.79973 1.16161 1e-05 1e-05 100 1500 0 0 1 1
0.1 4.13962 10 1500 -4.79973 1.16161 1e-05 1e-05 100 1500 0 0 1 1
0.1 4.13962 10 1500 -4.79973 1.16161 1e-05 1e-05 100 1500 0 0 1 1
0.1 4.13962 10 1500 -4.79973 1.16161 1e-05 1e-05 100 1500 0 0 1 1
0.1 4.13962 10 1500 -4.79973 1.16161 1e-05 1e-05 100 1500 0 0 1 0
0.1 4.13962 10 1500 -4.79973 1.16161 1e-05 1e-05 100 1500 0 0 1 0
0.1 4.13962 10 1500 -4.79973 1.16161 1e-05 1e-05 100 1500 0 0 1 0
0.1 4.13962 10 1500 -4.79973 1.16161 1e-05 1e-05 100 1500 0 0 1 0
0.1 4.13962 10 1500 -4.79973 1.16161 1e-05 1e-05 100 1500 0 0 1 0
0.1 7.34665 10 1500 -6.32629 2.17536 1e-05 1e-05 100 1500 0 0 1 1
0.1 7.34665 10 1500 -6.32629 2.17536 1e-05 1e-05 100 1500 0 0 1 1
0.1 7.34665 10 1500 -6.32629 2.17536 1e-05 1e-05 100 1500 0 0 1 1
0.1 7.34665 10 1500 -6.32629 2.17536 1e-05 1e-05 100 1500 0 0 1 1
0.1 7.34665 10 1500 -6.32629 2.17536 1e-05 1e-05 100 1500 0 0 1 1
0.1 7.34665 10 1500 -6.32629 2.17536 1e-05 1e-05 100 1500 0 0 1 0
0.1 7.34665 10 1500 -6.32629 2.17536 1e-05 1e-05 100 1500 0 0 1 0
0.1 7.34665 10 1500 -6.32629 2.17536 1e-05 1e-05 100 1500 0 0 1 0
0.1 7.34665 10 1500 -6.32629 2.17536 1e-05 1e-05 100 1500 0 0 1 0
0.1 7.34665 10 1500 -6.32629 2.17536 1e-05 1e-05 100 1500 0 0 1 0
0.1 3.89332 10 1500 -5.08992 0.65943 1e-05 1e-05 100 1500 0 0 1 1
0.1 3.89332 10 1500 -5.08992 0.65943 1e-05 1e-05 100 1500 0 0 1 1
0.1 3.89332 10 1500 -5.08992 0.65943 1e-05 1e-05 100 1500 0 0 1 1
0.1 3.89332 10 1500 -5.08992 0.65943 1e-05 1e-05 100 1500 0 0 1 1
0.1 3.89332 10 1500 -5.08992 0.65943 1e-05 1e-05 100 1500 0 0 1 1
0.1 3.89332 10 1500 -5.08992 0.65943 1e-05 1e-05 100 1500 0 0 1 0
0.1 3.89332 10 1500 -5.08992 0.65943 1e-05 1e-05 100 1500 0 0 1 0
0.1 3.89332 10 1500 -5.08992 0.65943 1e-05 1e-05 100 1500 0 0 1 0
0.1 3.89332 10 1500 -5.08992 0.65943 1e-05 1e-05 100 1500 0 0 1 0
0.1 3.89332 10 1500 -5.08992 0.65943 1e-05 1e-05 100 1500 0 0 1 0
0.1 10.28789 10 1500 -7.18191 2.22442 1e-05 1e-05 100 1500 0 0 1 1
0.1 10.28789 10 1500 -7.18191 2.22442 1e-05 1e-05 100 1500 0 0 1 1
0.1 10.28789 10 1500 -7.18191 2.22442 1e-05 1e-05 100 1500 0 0 1 1
0.1 10.28789 10 1500 -7.18191 2.22442 1e-05 1e-05 100 1500 0 0 1 1
0.1 10.28789 10 1500 -7.18191 2.22442 1e-05 1e-05 100 1500 0 0 1 1
0.1 10.28789 10 1500 -7.18191 2.22442 1e-05 1e-05 100 1500 0 0 1 0
0.1 10.28789 10 1500 -7.18191 2.22442 1e-05 1e-05 100 1500 0 0 1 0
0.1 10.28789 10 1500 -7.18191 2.22442 1e-05 1e-05 100 1500 0 0 1 0
0.1 10.28789 10 1500 -7.18191 2.22442 1e-05 1e-05 100 1500 0 0 1 0
0.1 10.28789 10 1500 -7.18191 2.22442 1e-05 1e-05 100 1500 0 0 1 0
0.1 10.69889 10 1500 -9.09368 2.00933 1e-05 1e-05 100 1500 0 0 1 1
0.1 10.69889 10 1500 -9.09368 2.00933 1e-05 1e-05 100 1500 0 0 1 1
0.1 10.69889 10 1500 -9.09368 2.00933 1e-05 1e-05 100 1500 0 0 1 1
0.1 10.69889 10 1500 -9.09368 2.00933 1e-05 1e-05 100 1500 0 0 1 1
0.1 10.69889 10 1500 -9.09368 2.00933 1e-05 1e-05 100 1500 0 0 1 1
0.1 10.69889 10 1500 -9.09368 2.00933 1e-05 1e-05 100 1500 0 0 1 0
0.1 10.69889 10 1500 -9.09368 2.00933 1e-05 1e-05 100 1500 0 0 1 0
0.1 10.69889 10 1500 -9.09368 2.00933 1e-05 1e-05 100 1500 0 0 1 0
0.1 10.69889 10 1500 -9.09368 2.00933 1e-05 1e-05 100 1500 0 0 1 0
0.1 10.69889 10 1500 -9.09368 2.00933 1e-05 1e-05 100 1500 0 0 1 0
0.1 8.40637 10 1500 -5.95294 1.59549 1e-05 1e-05 100 1500 0 0 1 1
0.1 8.40637 10 1500 -5.95294 1.59549 1e-05 1e-05 100 1500 0 0 1 1
0.1 8.40637 10 1500 -5.95294 1.59549 1e-05 1e-05 100 1500 0 0 1 1
0.1 8.40637 10 1500 -5.95294 1.59549 1e-05 1e-05 100 1500 0 0 1 1
0.1 8.40637 10 1500 -5.95294 1.59549 1e-05 1e-05 100 1500 0 0 1 1
0.1 8.40637 10 1500 -5.95294 1.59549 1e-05 1e-05 100 1500 0 0 1 0
0.1 8.40637 10 1500 -5.95294 1.59549 1e-05 1e-05 100 1500 0 0 1 0
0.1 8.40637 10 1500 -5.95294 1.59549 1e-05 1e-05 100 1500 0 0 1 0
0.1 8.40637 10 1500 -5.95294 1.59549 1e-05 1e-05 100 1500 0 0 1 0
0.1 8.40637 10 1500 -5.95294 1.59549 1e-05 1e-05 100 1500 0 0 1 0
0.1 8.29638 10 1500 -6.25727 1.90488 1e-05 1e-05 100 1500 0 0 1 1
0.1 8.29638 10 1500 -6.25727 1.90488 1e-05 1e-05 100 1500 0 0 1 1
0.1 8.29638 10 1500 -6.25727 1.90488 1e-05 1e-05 100 1500 0 0 1 1
0.1 8.29638 10 1500 -6.25727 1.90488 1e-05 1e-05 100 1500 0 0 1 1
0.1 8.29638 10 1500 -6.25727 1.90488 1e-05 1e-05 100 1500 0 0 1 1
0.1 8.29638 10 1500 -6.25727 1.90488 1e-05 1e-05 100 1500 0 0 1 0
0.1 8.29638 10 1500 -6.25727 1.90488 1e-05 1e-05 100 1500 0 0 1 0
0.1 8.29638 10 1500 -6.25727 1.90488 1e-05 1e-05 100 1500 0 0 1 0
0.1 8.29638 10 1500 -6.25727 1.90488 1e-05 1e-05 100 1500 0 0 1 0
0.1 8.29638 10 1500 -6.25727 1.90488 1e-05 1e-05 100 1500 0 0 1 0
0.1 6.86427 10 1500 -5.92370 1.22598 1e-05 1e-05 100 1500 0 0 1 1
0.1 6.86427 10 1500 -5.92370 1.22598 1e-05 1e-05 100 1500 0 0 1 1
0.1 6.86427 10 1500 -5.92370 1.22598 1e-05 1e-05 100 1500 0 0 1 1
0.1 6.86427 10 1500 -5.92370 1.22598 1e-05 1e-05 100 1500 0 0 1 1
0.1 6.86427 10 1500 -5.92370 1.22598 1e-05 1e-05 100 1500 0 0 1 1
0.1 6.86427 10 1500 -5.92370 1.22598 1e-05 1e-05 100 1500 0 0 1 0
0.1 6.86427 10 1500 -5.92370 1.22598 1e-05 1e-05 100 1500 0 0 1 0
0.1 6.86427 10 1500 -5.92370 1.22598 1e-05 1e-05 100 1500 0 0 1 0
0.1 6.86427 10 1500 -5.92370 1.22598 1e-05 1e-05 100 1500 0 0 1 0
0.1 6.86427 10 1500 -5.92370 1.22598 1e-05 1e-05 100 1500 0 0 1 0
0.1 1.96712 10 1500 -2.13418 1.05417 1e-05 1e-05 100 1500 0 0 1 1
0.1 1.96712 10 1500 -2.13418 1.05417 1e-05 1e-05 100 1500 0 0 1 1
0.1 1.96712 10 1500 -2.13418 1.05417 1e-05 1e-05 100 1500 0 0 1 1
0.1 1.96712 10 1500 -2.13418 1.05417 1e-05 1e-05 100 1500 0 0 1 1
0.1 1.96712 10 1500 -2.13418 1.05417 1e-05 1e-05 100 1500 0 0 1 1
0.1 1.96712 10 1500 -2.13418 1.05417 1e-05 1e-05 100 1500 0 0 1 0
0.1 1.96712 10 1500 -2.13418 1.05417 1e-05 1e-05 100 1500 0 0 1 0
0.1 1.96712 10 1500 -2.13418 1.05417 1e-05 1e-05 100 1500 0 0 1 0
0.1 1.96712 10 1500 -2.13418 1.05417 1e-05 1e-05 100 1500 0 0 1 0
0.1 1.96712 10 1500 -2.13418 1.05417 1e-05 1e-05 100 1500 0 0 1 0
0.1 9.12956 10 1500 -8.22355 1.77174 1e-05 1e-05 100 1500 0 0 1 1
0.1 9.12956 10 1500 -8.22355 1.77174 1e-05 1e-05 100 1500 0 0 1 1
0.1 9.12956 10 1500 -8.22355 1.77174 1e-05 1e-05 100 1500 0 0 1 1
0.1 9.12956 10 1500 -8.22355 1.77174 1e-05 1e-05 100 1500 0 0 1 1
0.1 9.12956 10 1500 -8.22355 1.77174 1e-05 1e-05 100 1500 0 0 1 1
0.1 9.12956 10 1500 -8.22355 1.77174 1e-05 1e-05 100 1500 0 0 1 0
0.1 9.12956 10 1500 -8.22355 1.77174 1e-05 1e-05 100 1500 0 0 1 0
0.1 9.12956 10 1500 -8.22355 1.77174 1e-05 1e-05 100 1500 0 0 1 0
0.1 9.12956 10 1500 -8.22355 1.77174 1e-05 1e-05 100 1500 0 0 1 0
0.1 9.12956 10 1500 -8.22355 1.77174 1e-05 1e-05 100 1500 0 0 1 0
0.1 8.01265 10 1500 -8.85722 2.24779 1e-05 1e-05 100 1500 0 0 1 1
0.1 8.01265 10 1500 -8.85722 2.24779 1e-05 1e-05 100 1500 0 0 1 1
0.1 8.01265 10 1500 -8.85722 2.24779 1e-05 1e-05 100 1500 0 0 1 1
0.1 8.01265 10 1500 -8.85722 2.24779 1e-05 1e-05 100 1500 0 0 1 1
0.1 8.01265 10 1500 -8.85722 2.24779 1e-05 1e-05 100 1500 0 0 1 1
0.1 8.01265 10 1500 -8.85722 2.24779 1e-05 1e-05 100 1500 0 0 1 0
0.1 8.01265 10 1500 -8.85722 2.24779 1e-05 1e-05 100 1500 0 0 1 0
0.1 8.01265 10 1500 -8.85722 2.24779 1e-05 1e-05 100 1500 0 0 1 0
0.1 8.01265 10 1500 -8.85722 2.24779 1e-05 1e-05 100 1500 0 0 1 0
0.1 8.01265 10 1500 -8.85722 2.24779 1e-05 1e-05 100 1500 0 0 1 0
0.1 3.99273 10 1500 -1.76952 0.93192 1e-05 1e-05 100 1500 0 0 1 1
0.1 3.99273 10 1500 -1.76952 0.93192 1e-05 1e-05 100 1500 0 0 1 1
0.1 3.99273 10 1500 -1.76952 0.93192 1e-05 1e-05 100 1500 0 0 1 1
0.1 3.99273 10 1500 -1.76952 0.93192 1e-05 1e-05 100 1500 0 0 1 1
0.1 3.99273 10 1500 -1.76952 0.93192 1e-05 1e-05 100 1500 0 0 1 1
0.1 3.99273 10 1500 -1.76952 0.93192 1e-05 1e-05 100 1500 0 0 1 0
0.1 3.99273 10 1500 -1.76952 0.93192 1e-05 1e-05 100 1500 0 0 1 0
0.1 3.99273 10 1500 -1.76952 0.93192 1e-05 1e-05 100 1500 0 0 1 0
0.1 3.99273 10 1500 -1.76952 0.93192 1e-05 1e-05 100 1500 0 0 1 0
0.1 3.99273 10 1500 -1.76952 0.93192 1e-05 1e-05 100 1500 0 0 1 0
0.1 7.74674 10 1500 -4.62152 1.32182 1e-05 1e-05 100 1500 0 0 1 1
0.1 7.74674 10 1500 -4.62152 1.32182 1e-05 1e-05 100 1500 0 0 1 1
0.1 7.74674 10 1500 -4.62152 1.32182 1e-05 1e-05 100 1500 0 0 1 1
0.1 7.74674 10 1500 -4.62152 1.32182 1e-05 1e-05 100 1500 0 0 1 1
0.1 7.74674 10 1500 -4.62152 1.32182 1e-05 1e-05 100 1500 0 0 1 1
0.1 7.74674 10 1500 -4.62152 1.32182 1e-05 1e-05 100 1500 0 0 1 0
0.1 7.74674 10 1500 -4.62152 1.32182 1e-05 1e-05 100 1500 0 0 1 0
0.1 7.74674 10 1500 -4.62152 1.32182 1e-05 1e-05 100 1500 0 0 1 0
0.1 7.74674 10 1500 -4.62152 1.32182 1e-05 1e-05 100 1500 0 0 1 0
0.1 7.74674 10 1500 -4.62152 1.32182 1e-05 1e-05 100 1500 0 0 1 0
0.1 9.48773 10 1500 -6.97290 2.14629 1e-05 1e-05 100 1500 0 0 1 1
0.1 9.48773 10 1500 -6.97290 2.14629 1e-05 1e-05 100 1500 0 0 1 1
0.1 9.48773 10 1500 -6.97290 2.14629 1e-05 1e-05 100 1500 0 0 1 1
0.1 9.48773 10 1500 -6.97290 2.14629 1e-05 1e-05 100 1500 0 0 1 1
0.1 9.48773 10 1500 -6.97290 2.14629 1e-05 1e-05 100 1500 0 0 1 1
0.1 9.48773 10 1500 -6.97290 2.14629 1e-05 1e-05 100 1500 0 0 1 0
0.1 9.48773 10 1500 -6.97290 2.14629 1e-05 1e-05 100 1500 0 0 1 0
0.1 9.48773 10 1500 -6.97290 2.14629 1e-05 1e-05 100 1500 0 0 1 0
0.1 9.48773 10 1500 -6.97290 2.14629 1e-05 1e-05 100 1500 0 0 1 0
0.1 9.48773 10 1500 -6.97290 2.14629 1e-05 1e-05 100 1500 0 0 1 0
0.1 7.55227 10 1500 -8.86986 2.38028 1e-05 1e-05 100 1500 0 0 1 1
0.1 7.55227 10 1500 -8.86986 2.38028 1e-05 1e-05 100 1500 0 0 1 1
0.1 7.55227 10 1500 -8.86986 2.38028 1e-05 1e-05 100 1500 0 0 1 1
0.1 7.55227 10 1500 -8.86986 2.38028 1e-05 1e-05 100 1500 0 0 1 1
0.1 7.55227 10 1500 -8.86986 2.38028 1e-05 1e-05 100 1500 0 0 1 1
0.1 7.55227 10 1500 -8.86986 2.38028 1e-05 1e-05 100 1500 0 0 1 0
0.1 7.55227 10 1500 -8.86986 2.38028 1e-05 1e-05 100 1500 0 0 1 0
0.1 7.55227 10 1500 -8.86986 2.38028 1e-05 1e-05 100 1500 0 0 1 0
0.1 7.55227 10 1500 -8.86986 2.38028 1e-05 1e-05 100 1500 0 0 1 0
0.1 7.55227 10 1500 -8.86986 2.38028 1e-05 1e-05 100 1500 0 0 1 0
0.1 5.49148 10 1500 -5.23076 1.16604 1e-05 1e-05 100 1500 0 0 1 1
0.1 5.49148 10 1500 -5.23076 1.16604 1e-05 1e-05 100 1500 0 0 1 1
0.1 5.49148 10 1500 -5.23076 1.16604 1e-05 1e-05 100 1500 0 0 1 1
0.1 5.49148 10 1500 -5.23076 1.16604 1e-05 1e-05 100 1500 0 0 1 1
0.1 5.49148 10 1500 -5.23076 1.16604 1e-05 1e-05 100 1500 0 0 1 1
0.1 5.49148 10 1500 -5.23076 1.16604 1e-05 1e-05 100 1500 0 0 1 0
0.1 5.49148 10 1500 -5.23076 1.16604 1e-05 1e-05 100 1500 0 0 1 0
0.1 5.49148 10 1500 -5.23076 1.16604 1e-05 1e-05 100 1500 0 0 1 0
0.1 5.49148 10 1500 -5.23076 1.16604 1e-05 1e-05 100 1500 0 0 1 0
0.1 5.49148 10 1500 -5.23076 1.16604 1e-05 1e-05 100 1500 0 0 1 0
0.1 8.11522 10 1500 -4.81900 2.13318 1e-05 1e-05 100 1500 0 0 1 1
0.1 8.11522 10 1500 -4.81900 2.13318 1e-05 1e-05 100 1500 0 0 1 1
0.1 8.11522 10 1500 -4.81900 2.13318 1e-05 1e-05 100 1500 0 0 1 1
0.1 8.11522 10 1500 -4.81900 2.13318 1e-05 1e-05 100 1500 0 0 1 1
0.1 8.11522 10 1500 -4.81900 2.13318 1e-05 1e-05 100 1500 0 0 1 1
0.1 8.11522 10 1500 -4.81900 2.13318 1e-05 1e-05 100 1500 0 0 1 0
0.1 8.11522 10 1500 -4.81900 2.13318 1e-05 1e-05 100 1500 0 0 1 0
0.1 8.11522 10 1500 -4.81900 2.13318 1e-05 1e-05 100 1500 0 0 1 0
0.1 8.11522 10 1500 -4.81900 2.13318 1e-05 1e-05 100 1500 0 0 1 0
0.1 8.11522 10 1500 -4.81900 2.13318 1e-05 1e-05 100 1500 0 0 1 0
0.1 11.76593 10 1500 -8.03993 2.47448 1e-05 1e-05 100 1500 0 0 1 1
0.1 11.76593 10 1500 -8.03993 2.47448 1e-05 1e-05 100 1500 0 0 1 1
0.1 11.76593 10 1500 -8.03993 2.47448 1e-05 1e-05 100 1500 0 0 1 1
0.1 11.76593 10 1500 -8.03993 2.47448 1e-05 1e-05 100 1500 0 0 1 1
0.1 11.76593 10 1500 -8.03993 2.47448 1e-05 1e-05 100 1500 0 0 1 1
0.1 11.76593 10 1500 -8.03993 2.47448 1e-05 1e-05 100 1500 0 0 1 0
0.1 11.76593 10 1500 -8.03993 2.47448 1e-05 1e-05 100 1500 0 0 1 0
0.1 11.76593 10 1500 -8.03993 2.47448 1e-05 1e-05 100 1500 0 0 1 0
0.1 11.76593 10 1500 -8.03993 2.47448 1e-05 1e-05 100 1500 0 0 1 0
0.1 11.76593 10 1500 -8.03993 2.47448 1e-05 1e-05 100 1500 0 0 1 0
0.1 3.84695 10 1500 -6.03397 1.42725 1e-05 1e-05 100 1500 0 0 1 1
0.1 3.84695 10 1500 -6.03397 1.42725 1e-05 1e-05 100 1500 0 0 1 1
0.1 3.84695 10 1500 -6.03397 1.42725 1e-05 1e-05 100 1500 0 0 1 1
0.1 3.84695 10 1500 -6.03397 1.42725 1e-05 1e-05 100 1500 0 0 1 1
0.1 3.84695 10 1500 -6.03397 1.42725 1e-05 1e-05 100 1500 0 0 1 1
0.1 3.84695 10 1500 -6.03397 1.42725 1e-05 1e-05 100 1500 0 0 1 0
0.1 3.84695 10 1500 -6.03397 1.42725 1e-05 1e-05 100 1500 0 0 1 0
0.1 3.84695 10 1500 -6.03397 1.42725 1e-05 1e-05 100 1500 0 0 1 0
0.1 3.84695 10 1500 -6.03397 1.42725 1e-05 1e-05 100 1500 0 0 1 0
0.1 3.84695 10 1500 -6.03397 1.42725 1e-05 1e-05 100 1500 0 0 1 0
0.1 7.42366 10 1500 -7.14231 1.59106 1e-05 1e-05 100 1500 0 0 1 1
0.1 7.42366 10 1500 -7.14231 1.59106 1e-05 1e-05 100 1500 0 0 1 1
0.1 7.42366 10 1500 -7.14231 1.59106 1e-05 1e-05 100 1500 0 0 1 1
0.1 7.42366 10 1500 -7.14231 1.59106 1e-05 1e-05 100 1500 0 0 1 1
0.1 7.42366 10 1500 -7.14231 1.59106 1e-05 1e-05 100 1500 0 0 1 1
0.1 7.42366 10 1500 -7.14231 1.59106 1e-05 1e-05 100 1500 0 0 1 0
0.1 7.42366 10 1500 -7.14231 1.59106 1e-05 1e-05 100 1500 0 0 1 0
0.1 7.42366 10 1500 -7.14231 1.59106 1e-05 1e-05 100 1500 0 0 1 0
0.1 7.42366 10 1500 -7.14231 1.59106 1e-05 1e-05 100 1500 0 0 1 0
0.1 7.42366 10 1500 -7.14231 1.59106 1e-05 1e-05 100 1500 0 0 1 0
0.1 4.35493 10 1500 -4.06294 1.72623 1e-05 1e-05 100 1500 0 0 1 1
0.1 4.35493 10 1500 -4.06294 1.72623 1e-05 1e-05 100 1500 0 0 1 1
0.1 4.35493 10 1500 -4.06294 1.72623 1e-05 1e-05 100 1500 0 0 1 1
0.1 4.35493 10 1500 -4.06294 1.72623 1e-05 1e-05 100 1500 0 0 1 1
0.1 4.35493 10 1500 -4.06294 1.72623 1e-05 1e-05 100 1500 0 0 1 1
0.1 4.35493 10 1500 -4.06294 1.72623 1e-05 1e-05 100 1500 0 0 1 0
0.1 4.35493 10 1500 -4.06294 1.72623 1e-05 1e-05 100 1500 0 0 1 0
0.1 4.35493 10 1500 -4.06294 1.72623 1e-05 1e-05 100 1500 0 0 1 0
0.1 4.35493 10 1500 -4.06294 1.72623 1e-05 1e-05 100 1500 0 0 1 0
0.1 4.35493 10 1500 -4.06294 1.72623 1e-05 1e-05 100 1500 0 0 1 0
0.1 8.93863 10 1500 -7.19255 1.79224 1e-05 1e-05 100 1500 0 0 1 1
0.1 8.93863 10 1500 -7.19255 1.79224 1e-05 1e-05 100 1500 0 0 1 1
0.1 8.93863 10 1500 -7.19255 1.79224 1e-05 1e-05 100 1500 0 0 1 1
0.1 8.93863 10 1500 -7.19255 1.79224 1e-05 1e-05 100 1500 0 0 1 1
0.1 8.93863 10 1500 -7.19255 1.79224 1e-05 1e-05 100 1500 0 0 1 1
0.1 8.93863 10 1500 -7.19255 1.79224 1e-05 1e-05 100 1500 0 0 1 0
0.1 8.93863 10 1500 -7.19255 1.79224 1e-05 1e-05 100 1500 0 0 1 0
0.1 8.93863 10 1500 -7.19255 1.79224 1e-05 1e-05 100 1500 0 0 1 0
0.1 8.93863 10 1500 -7.19255 1.79224 1e-05 1e-05 100 1500 0 0 1 0
0.1 8.93863 10 1500 -7.19255 1.79224 1e-05 1e-05 100 1500 0 0 1 0
0.1 6.80436 10 1500 -5.76357 1.46890 1e-05 1e-05 100 1500 0 0 1 1
0.1 6.80436 10 1500 -5.76357 1.46890 1e-05 1e-05 100 1500 0 0 1 1
0.1 6.80436 10 1500 -5.76357 1.46890 1e-05 1e-05 100 1500 0 0 1 1
0.1 6.80436 10 1500 -5.76357 1.46890 1e-05 1e-05 100 1500 0 0 1 1
0.1 6.80436 10 1500 -5.76357 1.46890 1e-05 1e-05 100 1500 0 0 1 1
0.1 6.80436 10 1500 -5.76357 1.46890 1e-05 1e-05 100 1500 0 0 1 0
0.1 6.80436 10 1500 -5.76357 1.46890 1e-05 1e-05 100 1500 0 0 1 0
0.1 6.80436 10 1500 -5.76357 1.46890 1e-05 1e-05 100 1500 0 0 1 0
0.1 6.80436 10 1500 -5.76357 1.46890 1e-05 1e-05 100 1500 0 0 1 0
0.1 6.80436 10 1500 -5.76357 1.46890 1e-05 1e-05 100 1500 0 0 1 0
0.1 7.21977 10 1500 -7.51148 1.53526 1e-05 1e-05 100 1500 0 0 1 1
0.1 7.21977 10 1500 -7.51148 1.53526 1e-05 1e-05 100 1500 0 0 1 1
0.1 7.21977 10 1500 -7.51148 1.53526 1e-05 1e-05 100 1500 0 0 1 1
0.1 7.21977 10 1500 -7.51148 1.53526 1e-05 1e-05 100 1500 0 0 1 1
0.1 7.21977 10 1500 -7.51148 1.53526 1e-05 1e-05 100 1500 0 0 1 1
0.1 7.21977 10 1500 -7.51148 1.53526 1e-05 1e-05 100 1500 0 0 1 0
0.1 7.21977 10 1500 -7.51148 1.53526 1e-05 1e-05 100 1500 0 0 1 0
0.1 7.21977 10 1500 -7.51148 1.53526 1e-05 1e-05 100 1500 0 0 1 0
0.1 7.21977 10 1500 -7.51148 1.53526 1e-05 1e-05 100 1500 0 0 1 0
0.1 7.21977 10 1500 -7.51148 1.53526 1e-05 1e-05 100 1500 0 0 1 0
0.1 3.36225 10 1500 -5.86303 1.73061 1e-05 1e-05 100 1500 0 0 1 1
0.1 3.36225 10 1500 -5.86303 1.73061 1e-05 1e-05 100 1500 0 0 1 1
0.1 3.36225 10 1500 -5.86303 1.73061 1e-05 1e-05 100 1500 0 0 1 1
0.1 3.36225 10 1500 -5.86303 1.73061 1e-05 1e-05 100 1500 0 0 1 1
0.1 3.36225 10 1500 -5.86303 1.73061 1e-05 1e-05 100 1500 0 0 1 1
0.1 3.36225 10 1500 -5.86303 1.73061 1e-05 1e-05 100 1500 0 0 1 0
0.1 3.36225 10 1500 -5.86303 1.73061 1e-05 1e-05 100 1500 0 0 1 0
0.1 3.36225 10 1500 -5.86303 1.73061 1e-05 1e-05 100 1500 0 0 1 0
0.1 3.36225 10 1500 -5.86303 1.73061 1e-05 1e-05 100 1500 0 0 1 0
0.1 3.36225 10 1500 -5.86303 1.73061 1e-05 1e-05 100 1500 0 0 1 0
0.1 6.86759 10 1500 -6.59818 1.81696 1e-05 1e-05 100 1500 0 0 1 1
0.1 6.86759 10 1500 -6.59818 1.81696 1e-05 1e-05 100 1500 0 0 1 1
0.1 6.86759 10 1500 -6.59818 1.81696 1e-05 1e-05 100 1500 0 0 1 1
0.1 6.86759 10 1500 -6.59818 1.81696 1e-05 1e-05 100 1500 0 0 1 1
0.1 6.86759 10 1500 -6.59818 1.81696 1e-05 1e-05 100 1500 0 0 1 1
0.1 6.86759 10 1500 -6.59818 1.81696 1e-05 1e-05 100 1500 0 0 1 0
0.1 6.86759 10 1500 -6.59818 1.81696 1e-05 1e-05 100 1500 0 0 1 0
0.1 6.86759 10 1500 -6.59818 1.81696 1e-05 1e-05 100 1500 0 0 1 0
0.1 6.86759 10 1500 -6.59818 1.81696 1e-05 1e-05 100 1500 0 0 1 0
0.1 6.86759 10 1500 -6.59818 1.81696 1e-05 1e-05 100 1500 0 0 1 0
0.1 4.63252 10 1500 -4.40736 1.79032 1e-05 1e-05 100 1500 0 0 1 1
0.1 4.63252 10 1500 -4.40736 1.79032 1e-05 1e-05 100 1500 0 0 1 1
0.1 4.63252 10 1500 -4.40736 1.79032 1e-05 1e-05 100 1500 0 0 1 1
0.1 4.63252 10 1500 -4.40736 1.79032 1e-05 1e-05 100 1500 0 0 1 1
0.1 4.63252 10 1500 -4.40736 1.79032 1e-05 1e-05 100 1500 0 0 1 1
0.1 4.63252 10 1500 -4.40736 1.79032 1e-05 1e-05 100 1500 0 0 1 0
0.1 4.63252 10 1500 -4.40736 1.79032 1e-05 1e-05 100 1500 0 0 1 0
0.1 4.63252 10 1500 -4.40736 1.79032 1e-05 1e-05 100 1500 0 0 1 0
0.1 4.63252 10 1500 -4.40736 1.79032 1e-05 1e-05 100 1500 0 0 1 0
0.1 4.63252 10 1500 -4.40736 1.79032 1e-05 1e-05 100 1500 0 0 1 0
0.1 4.55341 10 1500 -5.57949 1.82533 1e-05 1e-05 100 1500 0 0 1 1
0.1 4.55341 10 1500 -5.57949 1.82533 1e-05 1e-05 100 1500 0 0 1 1
0.1 4.55341 10 1500 -5.57949 1.82533 1e-05 1e-05 100 1500 0 0 1 1
0.1 4.55341 10 1500 -5.57949 1.82533 1e-05 1e-05 100 1500 0 0 1 1
0.1 4.55341 10 1500 -5.57949 1.82533 1e-05 1e-05 100 1500 0 0 1 1
0.1 4.55341 10 1500 -5.57949 1.82533 1e-05 1e-05 100 1500 0 0 1 0
0.1 4.55341 10 1500 -5.57949 1.82533 1e-05 1e-05 100 1500 0 0 1 0
0.1 4.55341 10 1500 -5.57949 1.82533 1e-05 1e-05 100 1500 0 0 1 0
0.1 4.55341 10 1500 -5.57949 1.82533 1e-05 1e-05 100 1500 0 0 1 0
0.1 4.55341 10 1500 -5.57949 1.82533 1e-05 1e-05 100 1500 0 0 1 0
0.1 10.36795 10 1500 -7.36557 1.97151 1e-05 1e-05 100 1500 0 0 1 1
0.1 10.36795 10 1500 -7.36557 1.97151 1e-05 1e-05 100 1500 0 0 1 1
0.1 10.36795 10 1500 -7.36557 1.97151 1e-05 1e-05 100 1500 0 0 1 1
0.1 10.36795 10 1500 -7.36557 1.97151 1e-05 1e-05 100 1500 0 0 1 1
0.1 10.36795 10 1500 -7.36557 1.97151 1e-05 1e-05 100 1500 0 0 1 1
0.1 10.36795 10 1500 -7.36557 1.97151 1e-05 1e-05 100 1500 0 0 1 0
0.1 10.36795 10 1500 -7.36557 1.97151 1e-05 1e-05 100 1500 0 0 1 0
0.1 10.36795 10 1500 -7.36557 1.97151 1e-05 1e-05 100 1500 0 0 1 0
0.1 10.36795 10 1500 -7.36557 1.97151 1e-05 1e-05 100 1500 0 0 1 0
0.1 10.36795 10 1500 -7.36557 1.97151 1e-05 1e-05 100 1500 0 0 1 0
0.1 10.84796 10 1500 -7.62765 2.71822 1e-05 1e-05 100 1500 0 0 1 1
0.1 10.84796 10 1500 -7.62765 2.71822 1e-05 1e-05 100 1500 0 0 1 1
0.1 10.84796 10 1500 -7.62765 2.71822 1e-05 1e-05 100 1500 0 0 1 1
0.1 10.84796 10 1500 -7.62765 2.71822 1e-05 1e-05 100 1500 0 0 1 1
0.1 10.84796 10 1500 -7.62765 2.71822 1e-05 1e-05 100 1500 0 0 1 1
0.1 10.84796 10 1500 -7.62765 2.71822 1e-05 1e-05 100 1500 0 0 1 0
0.1 10.84796 10 1500 -7.62765 2.71822 1e-05 1e-05 100 1500 0 0 1 0
0.1 10.84796 10 1500 -7.62765 2.71822 1e-05 1e-05 100 1500 0 0 1 0
0.1 10.84796 10 1500 -7.62765 2.71822 1e-05 1e-05 100 1500 0 0 1 0
0.1 10.84796 10 1500 -7.62765 2.71822 1e-05 1e-05 100 1500 0 0 1 0
0.1 10.17004 10 1500 -10.04147 2.24696 1e-05 1e-05 100 1500 0 0 1 1
0.1 10.17004 10 1500 -10.04147 2.24696 1e-05 1e-05 100 1500 0 0 1 1
0.1 10.17004 10 1500 -10.04147 2.24696 1e-05 1e-05 100 1500 0 0 1 1
0.1 10.17004 10 1500 -10.04147 2.24696 1e-05 1e-05 100 1500 0 0 1 1
0.1 10.17004 10 1500 -10.04147 2.24696 1e-05 1e-05 100 1500 0 0 1 1
0.1 10.17004 10 1500 -10.04147 2.24696 1e-05 1e-05 100 1500 0 0 1 0
0.1 10.17004 10 1500 -10.04147 2.24696 1e-05 1e-05 100 1500 0 0 1 0
0.1 10.17004 10 1500 -10.04147 2.24696 1e-05 1e-05 100 1500 0 0 1 0
0.1 10.17004 10 1500 -10.04147 2.24696 1e-05 1e-05 100 1500 0 0 1 0
0.1 10.17004 10 1500 -10.04147 2.24696 1e-05 1e-05 100 1500 0 0 1 0
0.1 5.63739 10 1500 -8.55555 1.48809 1e-05 1e-05 100 1500 0 0 1 1
0.1 5.63739 10 1500 -8.55555 1.48809 1e-05 1e-05 100 1500 0 0 1 1
0.1 5.63739 10 1500 -8.55555 1.48809 1e-05 1e-05 100 1500 0 0 1 1
0.1 5.63739 10 1500 -8.55555 1.48809 1e-05 1e-05 100 1500 0 0 1 1
0.1 5.63739 10 1500 -8.55555 1.48809 1e-05 1e-05 100 1500 0 0 1 1
0.1 5.63739 10 1500 -8.55555 1.48809 1e-05 1e-05 100 1500 0 0 1 0
0.1 5.63739 10 1500 -8.55555 1.48809 1e-05 1e-05 100 1500 0 0 1 0
0.1 5.63739 10 1500 -8.55555 1.48809 1e-05 1e-05 100 1500 0 0 1 0
0.1 5.63739 10 1500 -8.55555 1.48809 1e-05 1e-05 100 1500 0 0 1 0
0.1 5.63739 10 1500 -8.55555 1.48809 1e-05 1e-05 100 1500 0 0 1 0
0.1 4.89110 10 1500 -7.20654 1.11091 1e-05 1e-05 100 1500 0 0 1 1
0.1 4.89110 10 1500 -7.20654 1.11091 1e-05 1e-05 100 1500 0 0 1 1
0.1 4.89110 10 1500 -7.20654 1.11091 1e-05 1e-05 100 1500 0 0 1 1
0.1 4.89110 10 1500 -7.20654 1.11091 1e-05 1e-05 100 1500 0 0 1 1
0.1 4.89110 10 1500 -7.20654 1.11091 1e-05 1e-05 100 1500 0 0 1 1
0.1 4.89110 10 1500 -7.20654 1.11091 1e-05 1e-05 100 1500 0 0 1 0
0.1 4.89110 10 1500 -7.20654 1.11091 1e-05 1e-05 100 1500 0 0 1 0
0.1 4.89110 10 1500 -7.20654 1.11091 1e-05 1e-05 100 1500 0 0 1 0
0.1 4.89110 10 1500 -7.20654 1.11091 1e-05 1e-05 100 1500 0 0 1 0
0.1 4.89110 10 1500 -7.20654 1.11091 1e-05 1e-05 100 1500 0 0 1 0
0.1 7.48020 10 1500 -7.63652 1.28805 1e-05 1e-05 100 1500 0 0 1 1
0.1 7.48020 10 1500 -7.63652 1.28805 1e-05 1e-05 100 1500 0 0 1 1
0.1 7.48020 10 1500 -7.63652 1.28805 1e-05 1e-05 100 1500 0 0 1 1
0.1 7.48020 10 1500 -7.63652 1.28805 1e-05 1e-05 100 1500 0 0 1 1
0.1 7.48020 10 1500 -7.63652 1.28805 1e-05 1e-05 100 1500 0 0 1 1
0.1 7.48020 10 1500 -7.63652 1.28805 1e-05 1e-05 100 1500 0 0 1 0
0.1 7.48020 10 1500 -7.63652 1.28805 1e-05 1e-05 100 1500 0 0 1 0
0.1 7.48020 10 1500 -7.63652 1.28805 1e-05 1e-05 100 1500 0 0 1 0
0.1 7.48020 10 1500 -7.63652 1.28805 1e-05 1e-05 100 1500 0 0 1 0
0.1 7.48020 10 1500 -7.63652 1.28805 1e-05 1e-05 100 1500 0 0 1 0
0.1 3.73183 10 1500 -5.23393 1.58797 1e-05 1e-05 100 1500 0 0 1 1
0.1 3.73183 10 1500 -5.23393 1.58797 1e-05 1e-05 100 1500 0 0 1 1
0.1 3.73183 10 1500 -5.23393 1.58797 1e-05 1e-05 100 1500 0 0 1 1
0.1 3.73183 10 1500 -5.23393 1.58797 1e-05 1e-05 100 1500 0 0 1 1
0.1 3.73183 10 1500 -5.23393 1.58797 1e-05 1e-05 100 1500 0 0 1 1
0.1 3.73183 10 1500 -5.23393 1.58797 1e-05 1e-05 100 1500 0 0 1 0
0.1 3.73183 10 1500 -5.23393 1.58797 1e-05 1e-05 100 1500 0 0 1 0
0.1 3.73183 10 1500 -5.23393 1.58797 1e-05 1e-05 100 1500 0 0 1 0
0.1 3.73183 10 1500 -5.23393 1.58797 1e-05 1e-05 100 1500 0 0 1 0
0.1 3.73183 10 1500 -5.23393 1.58797 1e-05 1e-05 100 1500 0 0 1 0
0.1 5.44929 10 1500 -4.73431 1.14286 1e-05 1e-05 100 1500 0 0 1 1
0.1 5.44929 10 1500 -4.73431 1.14286 1e-05 1e-05 100 1500 0 0 1 1
0.1 5.44929 10 1500 -4.73431 1.14286 1e-05 1e-05 100 1500 0 0 1 1
0.1 5.44929 10 1500 -4.73431 1.14286 1e-05 1e-05 100 1500 0 0 1 1
0.1 5.44929 10 1500 -4.73431 1.14286 1e-05 1e-05 100 1500 0 0 1 1
0.1 5.44929 10 1500 -4.73431 1.14286 1e-05 1e-05 100 1500 0 0 1 0
0.1 5.44929 10 1500 -4.73431 1.14286 1e-05 1e-05 100 1500 0 0 1 0
0.1 5.44929 10 1500 -4.73431 1.14286 1e-05 1e-05 100 1500 0 0 1 0
0.1 5.44929 10 1500 -4.73431 1.14286 1e-05 1e-05 100 1500 0 0 1 0
0.1 5.44929 10 1500 -4.73431 1.14286 1e-05 1e-05 100 1500 0 0 1 0
0.1 8.31290 10 1500 -8.37855 1.99672 1e-05 1e-05 100 1500 0 0 1 1
0.1 8.31290 10 1500 -8.37855 1.99672 1e-05 1e-05 100 1500 0 0 1 1
0.1 8.31290 10 1500 -8.37855 1.99672 1e-05 1e-05 100 1500 0 0 1 1
0.1 8.31290 10 1500 -8.37855 1.99672 1e-05 1e-05 100 1500 0 0 1 1
0.1 8.31290 10 1500 -8.37855 1.99672 1e-05 1e-05 100 1500 0 0 1 1
0.1 8.31290 10 1500 -8.37855 1.99672 1e-05 1e-05 100 1500 0 0 1 0
0.1 8.31290 10 1500 -8.37855 1.99672 1e-05 1e-05 100 1500 0 0 1 0
0.1 8.31290 10 1500 -8.37855 1.99672 1e-05 1e-05 100 1500 0 0 1 0
0.1 8.31290 10 1500 -8.37855 1.99672 1e-05 1e-05 100 1500 0 0 1 0
0.1 8.31290 10 1500 -8.37855 1.99672 1e-05 1e-05 100 1500 0 0 1 0
0.1 7.32821 10 1500 -7.91604 1.71778 1e-05 1e-05 100 1500 0 0 1 1
0.1 7.32821 10 1500 -7.91604 1.71778 1e-05 1e-05 100 1500 0 0 1 1
0.1 7.32821 10 1500 -7.91604 1.71778 1e-05 1e-05 100 1500 0 0 1 1
0.1 7.32821 10 1500 -7.91604 1.71778 1e-05 1e-05 100 1500 0 0 1 1
0.1 7.32821 10 1500 -7.91604 1.71778 1e-05 1e-05 100 1500 0 0 1 1
0.1 7.32821 10 1500 -7.91604 1.71778 1e-05 1e-05 100 1500 0 0 1 0
0.1 7.32821 10 1500 -7.91604 1.71778 1e-05 1e-05 100 1500 0 0 1 0
0.1 7.32821 10 1500 -7.91604 1.71778 1e-05 1e-05 100 1500 0 0 1 0
0.1 7.32821 10 1500 -7.91604 1.71778 1e-05 1e-05 100 1500 0 0 1 0
0.1 7.32821 10 1500 -7.91604 1.71778 1e-05 1e-05 100 1500 0 0 1 0
0.1 6.80940 10 1500 -4.76111 1.40935 1e-05 1e-05 100 1500 0 0 1 1
0.1 6.80940 10 1500 -4.76111 1.40935 1e-05 1e-05 100 1500 0 0 1 1
0.1 6.80940 10 1500 -4.76111 1.40935 1e-05 1e-05 100 1500 0 0 1 1
0.1 6.80940 10 1500 -4.76111 1.40935 1e-05 1e-05 100 1500 0 0 1 1
0.1 6.80940 10 1500 -4.76111 1.40935 1e-05 1e-05 100 1500 0 0 1 1
0.1 6.80940 10 1500 -4.76111 1.40935 1e-05 1e-05 100 1500 0 0 1 0
0.1 6.80940 10 1500 -4.76111 1.40935 1e-05 1e-05 100 1500 0 0 1 0
0.1 6.80940 10 1500 -4.76111 1.40935 1e-05 1e-05 100 1500 0 0 1 0
0.1 6.80940 10 1500 -4.76111 1.40935 1e-05 1e-05 100 1500 0 0 1 0
0.1 6.80940 10 1500 -4.76111 1.40935 1e-05 1e-05 100 1500 0 0 1 0
0.1 5.02838 10 1500 -3.36718 1.64549 1e-05 1e-05 100 1500 0 0 1 1
0.1 5.02838 10 1500 -3.36718 1.64549 1e-05 1e-05 100 1500 0 0 1 1
0.1 5.02838 10 1500 -3.36718 1.64549 1e-05 1e-05 100 1500 0 0 1 1
0.1 5.02838 10 1500 -3.36718 1.64549 1e-05 1e-05 100 1500 0 0 1 1
0.1 5.02838 10 1500 -3.36718 1.64549 1e-05 1e-05 100 1500 0 0 1 1
0.1 5.02838 10 1500 -3.36718 1.64549 1e-05 1e-05 100 1500 0 0 1 0
0.1 5.02838 10 1500 -3.36718 1.64549 1e-05 1e-05 100 1500 0 0 1 0
0.1 5.02838 10 1500 -3.36718 1.64549 1e-05 1e-05 100 1500 0 0 1 0
0.1 5.02838 10 1500 -3.36718 1.64549 1e-05 1e-05 100 1500 0 0 1 0
0.1 5.02838 10 1500 -3.36718 1.64549 1e-05 1e-05 100 1500 0 0 1 0
0.1 7.63084 10 1500 -4.31767 1.64858 1e-05 1e-05 100 1500 0 0 1 1
0.1 7.63084 10 1500 -4.31767 1.64858 1e-05 1e-05 100 1500 0 0 1 1
0.1 7.63084 10 1500 -4.31767 1.64858 1e-05 1e-05 100 1500 0 0 1 1
0.1 7.63084 10 1500 -4.31767 1.64858 1e-05 1e-05 100 1500 0 0 1 1
0.1 7.63084 10 1500 -4.31767 1.64858 1e-05 1e-05 100 1500 0 0 1 1
0.1 7.63084 10 1500 -4.31767 1.64858 1e-05 1e-05 100 1500 0 0 1 0
0.1 7.63084 10 1500 -4.31767 1.64858 1e-05 1e-05 100 1500 0 0 1 0
0.1 7.63084 10 1500 -4.31767 1.64858 1e-05 1e-05 100 1500 0 0 1 0
0.1 7.63084 10 1500 -4.31767 1.64858 1e-05 1e-05 100 1500 0 0 1 0
0.1 7.63084 10 1500 -4.31767 1.64858 1e-05 1e-05 100 1500 0 0 1 0
