           4   34.711856876071735        2.8808599999999997E-002
           6   61.152354977190150        1.6352600000000005E-002
           8   149.32505077051732        6.6967999999999975E-003
          10   261.56099602427281        3.8232000000000010E-003
          12   391.40475165368508        2.5549000000000001E-003
          14   505.12703945042176        1.9797000000000000E-003
          16   535.84824777622964        1.8662000000000006E-003
          18   936.50496347630644        1.0678000000000000E-003
          20   849.97875053123653        1.1765000000000002E-003
          22   1224.7397428046538        8.1650000000000017E-004
          24   1383.1258644536656        7.2299999999999979E-004
          26   1619.6954972465178        6.1739999999999994E-004
          28   1606.6838046272480        6.2240000000000049E-004
          30   1791.7935853789659        5.5809999999999953E-004
          32   2555.5839509327866        3.9130000000000024E-004
          34   2568.7130747495494        3.8930000000000014E-004
          36   3016.5912518853693        3.3150000000000003E-004
          38   2868.6173264486520        3.4859999999999996E-004
          40   3190.8104658583261        3.1340000000000019E-004
          42   3531.0734463276835        2.8320000000000000E-004
          44   3602.3054755043245        2.7759999999999986E-004
          46   3913.8943248532287        2.5550000000000003E-004
          48   4278.9901583226338        2.3370000000000010E-004
          50   4361.0989969472284        2.2930000000000013E-004
          52   5141.3881748071981        1.9450000000000001E-004
          54   5159.9587203302353        1.9380000000000008E-004
          56   5820.7217694994242        1.7179999999999981E-004
          58   5296.6101694915214        1.8880000000000014E-004
          60   4692.6325668700138        2.1310000000000003E-004
          62   5491.4881933003808        1.8210000000000012E-004
          64   5984.4404548174789        1.6709999999999989E-004
          66   5488.4742041712389        1.8220000000000006E-004
          68   6702.4128686327058        1.4920000000000005E-004
          70   5858.2308142940819        1.7070000000000003E-004
          72   7518.7969924812041        1.3299999999999998E-004
          74   6640.1062416998639        1.5060000000000008E-004
          76   6793.4782608695668        1.4719999999999997E-004
          78   6877.5790921595608        1.4539999999999998E-004
          80   6127.4509803921565        1.6320000000000001E-004
          82   6157.6354679802935        1.6240000000000004E-004
          84   6693.4404283801914        1.4939999999999992E-004
          86   6825.9385665528989        1.4650000000000004E-004
          88   9606.1479346781998        1.0409999999999993E-004
          90   7770.0077700077709        1.2869999999999998E-004
          92   9216.5898617511557        1.0849999999999995E-004
          94   6680.0267201068791        1.4970000000000003E-004
          96   8896.7971530249142        1.1239999999999997E-004
          98   8635.5785837651092        1.1580000000000005E-004
         100   7662.8352490421457        1.3050000000000000E-004
         102   8620.6896551724149        1.1599999999999999E-004
         104   9276.4378478664257        1.0779999999999992E-004
         106   6747.6383265856948        1.4820000000000000E-004
         108   6988.1201956673667        1.4309999999999998E-004
         110   7209.8053352559464        1.3870000000000004E-004
         112   7751.9379844961250        1.2899999999999999E-004
         114   6858.7105624142623        1.4580000000000007E-004
         116   6702.4128686327094        1.4919999999999997E-004
         118   6426.7352185090012        1.5559999999999991E-004
         120   5339.0282968499750        1.8729999999999994E-004
         122   6548.7884741322832        1.5270000000000005E-004
         124   6635.7000663570043        1.5069999999999992E-004
         126   5834.3057176196035        1.7139999999999999E-004
         128   5461.4964500273054        1.8310000000000006E-004
         130   5558.6436909394115        1.7989999999999998E-004
         132   5157.2975760701374        1.9390000000000008E-004
         134   4235.4934349851783        2.3609999999999988E-004
         136   4721.4353163361666        2.1179999999999997E-004
         138   3438.7895460797804        2.9079999999999997E-004
         140   3261.5786040443572        3.0660000000000003E-004
         142   2649.7085320614751        3.7739999999999974E-004
         144   2688.8948642108103        3.7189999999999988E-004
         146   2191.5406530791142        4.5630000000000003E-004
         148   1723.8407171177384        5.8009999999999995E-004
         150   1540.3573629081943        6.4920000000000017E-004
